time_sec,phase,breathing_wave,heart_wave,chest_displacement
0.0,-0.004350811542864865,0.17621708409061979,-0.00452947850485192,-0.004350811542864865
0.05,0.06580817664940587,0.23215432441558442,0.04700307460057625,0.06580817664940587
0.1,0.2696556216748557,0.2883052493853148,0.08689769463422721,0.2696556216748557
0.15,0.3052267734845686,0.3442317649623847,0.10590516859350674,0.3052267734845686
0.2,0.3119459336270439,0.3994932120754565,0.09930510121112954,0.3119459336270439
0.25,0.4631142460588714,0.4536509703494492,0.06787114919618349,0.4631142460588714
0.3,0.2876664099435135,0.5062729168188619,0.017721190722846034,0.2876664099435135
0.35,0.29154051995791286,0.5569376890451008,-0.04088959884582653,0.29154051995791286
0.4,0.516459775917149,0.605238713562771,-0.09558339130175379,0.516459775917149
0.45,0.38804232457462745,0.6507879698706869,-0.13430623433580116,0.38804232457462745
0.5,0.40590503557957736,0.6932194663123985,-0.14777337423076195,0.40590503557957736
0.55,0.42581643415882375,0.7321924075461963,-0.13147681036347134,0.42581643415882375
0.6,0.6327791091915757,0.7673940345195402,-0.0868620516874567,0.6327791091915757
0.65,0.6466335674298785,0.7985421171265688,-0.021385791879084657,0.6466335674298785
0.7,0.7507179511549387,0.8253870777960314,0.0526561209411981,0.7507179511549387
0.75,0.9080762813712189,0.8477137230844849,0.12040654620963213,0.9080762813712189
0.8,0.8400779313401093,0.8653425619788998,0.16745739600480922,0.8400779313401093
0.85,0.9969868196940528,0.8781306950666202,0.1830089093163556,0.9969868196940528
0.9,0.9395090641613906,0.8859722680125637,0.16248133521536634,0.9395090641613906
0.95,0.9831933984209416,0.8887984952213511,0.1089177366403768,0.9831933984209416
1.0,0.8896975636816435,0.8865772740550518,0.03272629467368314,0.8896975636816435
1.05,0.6597376850776362,0.879312425127195,-0.05032406180290558,0.6597376850776362
1.1,0.674238359574828,0.8670426080892031,-0.12249690933606545,0.674238359574828
1.15,0.596781287320527,0.8498399724048596,-0.1681165399277036,0.596781287320527
1.2,0.6200671707914446,0.8278086064886506,-0.17726057815845217,0.6200671707914446
1.25,0.6057284610543419,0.8010828455141376,-0.14818780872867168,0.6057284610543419
1.3,0.5940503608888208,0.7698254895323927,-0.08786435111997991,0.5940503608888208
1.35,0.6786149570299084,0.7342259716855012,-0.0104141914381693,0.6786149570299084
1.4,0.7180996406616992,0.6944985035284755,0.06616588267940494,0.7180996406616992
1.45,0.7093746051294643,0.6508802126922231,0.1242492249869054,0.7093746051294643
1.5,0.732295590128827,0.6036292790546965,0.15075205597878155,0.732295590128827
1.55,0.6798194926931779,0.5530230705125829,0.14021331081075628,0.6798194926931779
1.6,0.5633452715017256,0.4993562786784683,0.0960246751482593,0.5633452715017256
1.65,0.4030808724260286,0.44293905758732655,0.029515211521203264,0.4030808724260286
1.7,0.37233050135473106,0.38409517309171065,-0.04286719512864325,0.37233050135473106
1.75,0.18952662039823434,0.32316017483065873,-0.10356331880954393,0.18952662039823434
1.8,0.10647003180019553,0.26047960445420726,-0.1381020856540505,0.10647003180019553
1.85,0.07449337846324752,0.19640725208150395,-0.1384702297735138,0.07449337846324752
1.9,0.006318706472959781,0.13130346767401974,-0.10486137276831778,0.006318706472959781
1.95,0.009593448695744806,0.06553352580269581,-0.04543485748533772,0.009593448695744806
2.0,0.09168292411964138,-0.0005339674078594021,0.02578671564118973,0.09168292411964138
2.05,0.10239277402963708,-0.06652864555654245,0.09230651025236998,0.10239277402963708
2.1,0.04931778717284008,-0.13207995826623134,0.13897524127780345,0.04931778717284008
2.15,-0.09169011281600978,-0.19681878096862604,0.15534431066238283,-0.09169011281600978
2.2,-0.0876481273196851,-0.26037908280282407,0.13782588393253478,-0.0876481273196851
2.25,-0.20430983836544622,-0.3223996689988235,0.09026282513689096,-0.20430983836544622
2.3,-0.20978588453212674,-0.38252600356470745,0.022884961918832342,-0.20978588453212674
2.35,-0.4446126488878724,-0.44041210703552,-0.05003897032849186,-0.4446126488878724
2.4,-0.5786242195674617,-0.49572251351084684,-0.11330268359718486,-0.5786242195674617
2.45,-0.6605200263586956,-0.5481342623143105,-0.15394277211550403,-0.6605200263586956
2.5,-0.7341252011180843,-0.5973388940536627,-0.16383782733337796,-0.7341252011180843
2.55,-0.724978398198176,-0.6430444201509855,-0.14121845132431707,-0.724978398198176
2.6,-0.7285009886476368,-0.6849772391258377,-0.09083876020285496,-0.7285009886476368
2.65,-0.6290517341526433,-0.7228839804662757,-0.022856323785216928,-0.6290517341526433
2.7,-0.6079502629586219,-0.7565332653440122,0.049276660695988315,-0.6079502629586219
2.75,-0.62431524180284,-0.7857173801978482,0.11145161238488407,-0.62431524180284
2.8,-0.7126170253833042,-0.8102538624016896,0.15157291316911312,-0.7126170253833042
2.85,-0.6244756323457349,-0.8299869962109313,0.16181311956984093,-0.6244756323457349
2.9,-0.6515003045795567,-0.8447892127857588,0.14010491333960137,-0.6515003045795567
2.95,-0.6645134087007503,-0.8545623817778415,0.09062494397714248,-0.6645134087007503
3.0,-0.8007408475358803,-0.8592389747225051,0.023141355056966458,-0.8007408475358803
3.05,-0.8154935814062654,-0.8587830729187086,-0.048746285992352194,-0.8154935814062654
3.1,-0.8922171415252913,-0.8531911857789634,-0.1102389073704654,-0.8922171415252913
3.15,-0.973598064616906,-0.842492841641458,-0.1483836156045511,-0.973598064616906
3.2,-0.9444025847133359,-0.8267509133869617,-0.15490787526635721,-0.9444025847133359
3.25,-0.9318940725368623,-0.8060616466141822,-0.12818036886239548,-0.9318940725368623
3.3,-0.8031734778391225,-0.7805543683291963,-0.07377664910833419,-0.8031734778391225
3.35,-0.6295316904626211,-0.7503908677956581,-0.0034325461648780546,-0.6295316904626211
3.4,-0.6023786147032696,-0.715764456011954,0.06743812483471702,-0.6023786147032696
3.45,-0.3966824890786931,-0.6768987232917485,0.12311953610107776,-0.3966824890786931
3.5,-0.5057253101050716,-0.634046023132884,0.15109461056696116,-0.5057253101050716
3.55,-0.36417020898767616,-0.5874857138826953,0.14487333654609671,-0.36417020898767616
3.6,-0.4185703427687902,-0.5375221882462637,0.10551410749875001,-0.4185703427687902
3.65,-0.3324073208264581,-0.48448271619339334,0.041498755344440176,-0.3324073208264581
3.7,-0.36219314660300705,-0.42871512127594397,-0.0330266073566738,-0.36219314660300705
3.75,-0.4236351582759085,-0.3705853052934981,-0.10129274218457346,-0.4236351582759085
3.8,-0.3437746254828683,-0.31047463275216486,-0.14760355414458196,-0.3437746254828683
3.85,-0.3124787795170231,-0.2487771856865301,-0.16089882899092464,-0.3124787795170231
3.9,-0.275680318424232,-0.18589690194560243,-0.13738604102881993,-0.275680318424232
3.95,-0.162221641351871,-0.12224461591830507,-0.0816070655623395,-0.162221641351871
4.0,0.043504865781473466,-0.05823502885131172,-0.005625304414032116,0.043504865781473466
4.05,0.1336977100468668,0.005716355253420441,0.07356036597270671,0.1336977100468668
4.1,0.3084054774442264,0.06919628472375292,0.1378383478550015,0.3084054774442264
4.15,0.3991646865619947,0.13179675896686935,0.172179679786606,0.3991646865619947
4.2,0.361896492360316,0.19311792480772264,0.16821328407208674,0.361896492360316
4.25,0.48524188595007056,0.25277083087463875,0.1263047029618668,0.48524188595007056
4.3,0.43777662993324845,0.31038001102809876,0.055601808822010726,0.43777662993324845
4.35,0.4433044231853657,0.365585880225425,-0.02800625363684282,0.4433044231853657
4.4,0.39199087120112736,0.41804693828656225,-0.10556072956672591,0.39199087120112736
4.45,0.3204409469905969,0.4674417869448096,-0.15946665982676664,0.3204409469905969
4.5,0.35588910034153814,0.5134709717188576,-0.177612865481342,0.35588910034153814
4.55,0.48156965606374996,0.5558586612107741,-0.15617009201737453,0.48156965606374996
4.6,0.561559777787316,0.5943541720879525,-0.1003935620666849,0.561559777787316
4.65,0.7124025220352412,0.6287333396081013,-0.023269595430735285,0.7124025220352412
4.7,0.8064405526790194,0.6587997239519879,0.05761129953763947,0.8064405526790194
4.75,0.8141046543996744,0.6843856349826338,0.12415471310939433,0.8141046543996744
4.8,0.8835902776096571,0.7053529544937683,0.16184592424019476,0.8835902776096571
4.85,0.9902199353440189,0.721593736152009,0.16288852242590032,0.9902199353440189
4.9,0.9442861339785421,0.7330305686118299,0.12773830258784974,0.9442861339785421
4.95,0.8435141431026619,0.7396166957700582,0.06476593924218955,0.8435141431026619
5.0,0.7751716383911088,0.7413358988261776,-0.011792165382432426,0.7751716383911088
5.05,0.6932215648144722,0.7382021560598294,-0.08506876910309949,0.6932215648144722
5.1,0.6227257211134123,0.7302591055310228,-0.13923306019580772,0.6227257211134123
5.15,0.5990987684939356,0.7175793409524762,-0.16279457685628174,0.5990987684939356
5.2,0.6704956802273169,0.700263570779658,-0.15088348712401645,0.6704956802273169
5.25,0.5708795726514786,0.678439665622506,-0.10610625306340433,0.5708795726514786
5.3,0.6490669476666182,0.6522616110047756,-0.0378828437251542,0.6490669476666182
5.35,0.7285690852752401,0.6219083732966377,0.03954202324396169,0.7285690852752401
5.4,0.7572225692340322,0.5875826781664105,0.10999865240838623,0.7572225692340322
5.45,0.6363148362266058,0.5495096947701299,0.15864888491975895,0.6363148362266058
5.5,0.7834127457138401,0.507935616524002,0.1749956401810705,0.7834127457138401
5.55,0.5996477814190809,0.46312613124898844,0.15508134924014982,0.5996477814190809
5.6,0.5814028822652819,0.4153647791533399,0.10243453597788064,0.5814028822652819
5.65,0.389633327182901,0.36495120529860103,0.027525406612837013,0.389633327182901
5.7,0.3030285421526553,0.3121993223200107,-0.05424132634667254,0.3030285421526553
5.75,0.18921000892637632,0.25743540726542524,-0.12566858898219463,0.18921000892637632
5.8,0.06865405379602685,0.2009961614776671,-0.17144232844022256,0.06865405379602685
5.85,-0.054624033353333726,0.1432267632029947,-0.18155978506129214,-0.054624033353333726
5.9,-0.02689632890740469,0.08447893876168644,-0.15371035149748669,-0.02689632890740469
5.95,-0.03815205028434162,0.02510907012881068,-0.09398417812033287,-0.03815205028434162
6.0,-0.08260246275276455,-0.0345236541186115,-0.015642524528844286,-0.08260246275276455
6.05,0.013805941201188067,-0.09405904923829837,0.06384702721550475,0.013805941201188067
6.1,0.02273137188308022,-0.15313772095536948,0.12684910119126971,0.02273137188308022
6.15,0.04771472084819506,-0.2114028494042112,0.15969793059167947,0.04771472084819506
6.2,-0.09862671012779999,-0.26850199253622126,0.15589541806002896,-0.09862671012779999
6.25,-0.19246336067793246,-0.3240889263239745,0.11755616618279716,-0.19246336067793246
6.3,-0.29851013674058613,-0.37782552928782254,0.05474379003134631,-0.29851013674058613
6.35,-0.481855815808575,-0.429383706561682,-0.01710140694463568,-0.481855815808575
6.4,-0.4767480196134981,-0.478447336939293,-0.0809563233391235,-0.4767480196134981
6.45,-0.6348252255821042,-0.5247142174633604,-0.12226026881404928,-0.6348252255821042
6.5,-0.7283096043757306,-0.5678979752919407,-0.13222423336594835,-0.7283096043757306
6.55,-0.6530590400155254,-0.607729915928717,-0.10964861590405353,-0.6530590400155254
6.6,-0.7131648959023104,-0.6439607799533049,-0.060895526662707644,-0.7131648959023104
6.65,-0.7085141115611292,-0.6763623861491014,0.0018782202177408313,-0.7085141115611292
6.7,-0.6318676795770044,-0.7047291458388069,0.06371960456198596,-0.6318676795770044
6.75,-0.601679860006792,-0.7288794395318562,0.11035079492840057,-0.601679860006792
6.8,-0.622307903535144,-0.7486568512254227,0.13130207676937006,-0.622307903535144
6.85,-0.6485147709729557,-0.7639312569170509,0.12203597342984583,-0.6485147709729557
6.9,-0.7858039475858292,-0.7745997617986778,0.08467645705064393,-0.7858039475858292
6.95,-0.7442203322643547,-0.7805874760825972,0.027299707168107902,-0.7442203322643547
7.0,-0.8389038751695809,-0.7818481143859388,-0.037949827153718696,-0.8389038751695809
7.05,-0.8830877292811221,-0.7783644000931862,-0.09745040977164009,-0.8830877292811221
7.1,-0.9191832172700897,-0.7701482553775142,-0.13885497898641647,-0.9191832172700897
7.15,-0.9107538137326058,-0.757240760065824,-0.15348826380281808,-0.9107538137326058
7.2,-0.9160696210860911,-0.739711868373672,-0.13797975437313587,-0.9160696210860911
7.25,-0.8327541998926101,-0.7176598814370199,-0.09487587754770678,-0.8327541998926101
7.3,-0.7450262177512041,-0.6912106846391086,-0.03215041889786871,-0.7450262177512041
7.35,-0.5882015465705065,-0.6605167704659229,0.038287898170163315,-0.5882015465705065
7.4,-0.5040215298463113,-0.6257560780628261,0.10282771920560922,-0.5040215298463113
7.45,-0.45546294659366965,-0.5871306876932977,0.14873929132885028,-0.45546294659366965
7.5,-0.4608455647370267,-0.5448654103089418,0.16665704484642255,-0.4608455647370267
7.55,-0.2841497995021832,-0.499206309105939,0.15250937042241233,-0.2841497995021832
7.6,-0.32496653643983603,-0.45041918231213773,0.10851280610106327,-0.32496653643983603
7.65,-0.3389625483829986,-0.39878802606544267,0.04298013982046023,-0.3389625483829986
7.7,-0.42805958695992363,-0.3446134844530462,-0.031112030937482545,-0.42805958695992363
7.75,-0.4185756696271692,-0.28821128213473834,-0.09860688116622734,-0.4185756696271692
7.8,-0.32408591990851054,-0.2299106257154372,-0.14526766296728122,-0.32408591990851054
7.85,-0.346121373741496,-0.17005255528328722,-0.16087894464409347,-0.346121373741496
7.9,-0.2204728967479855,-0.10898822794423127,-0.14166913080642363,-0.2204728967479855
7.95,-0.16538513332322996,-0.04707711977899723,-0.09145494566508777,-0.16538513332322996
8.0,-0.15380358487741705,0.015314860187780773,-0.021134100861817127,-0.15380358487741705
8.05,0.11543699761822195,0.07781734206854724,0.05350086319774228,0.11543699761822195
8.1,0.2755243426710824,0.1400575428981529,0.11524446952660972,0.2755243426710824
8.15,0.3353825963644656,0.20166237269213602,0.1494980056779794,0.3353825963644656
8.2,0.4087035221594403,0.26226057748431064,0.147852356812383,0.4087035221594403
8.25,0.31037936627566953,0.3214848989274765,0.11029818029113798,0.31037936627566953
8.3,0.38462603301819115,0.3789742353038044,0.04543832763175739,0.38462603301819115
8.35,0.3930482563100712,0.4343757960316462,-0.03142181516718947,0.3930482563100712
8.4,0.35475313496185545,0.48734724802577234,-0.10188290812468533,0.35475313496185545
8.45,0.3487304340492554,0.537558855628832,-0.14889031823979765,0.3487304340492554
8.5,0.40136241039962667,0.5846956155710866,-0.16090392911585788,0.40136241039962667
8.55,0.3948260398035398,0.628459384395931,-0.13474674333047648,0.3948260398035398
8.6,0.5462790607538099,0.6685709882062918,-0.07640063220840362,0.5462790607538099
8.65,0.7435323103659535,0.7047722943578268,0.0004609598615614015,0.7435323103659535
8.7,0.8306661365009708,0.73682821379062,0.07782693045640024,0.8306661365009708
8.75,0.8333815997582911,0.7645285938209924,0.13772550710188466,0.8333815997582911
8.8,0.9222267821090482,0.7876899570597082,0.16651312350243605,0.9222267821090482
8.85,0.9542203920905094,0.8061570438347309,0.15801839671257537,0.9542203920905094
8.9,0.9860987037133834,0.8198041223392357,0.11480831582180329,0.9860987037133834
8.95,0.8108283534118929,0.8285360411421562,0.047335771786077896,0.8108283534118929
9.0,0.7996852238130907,0.8322890111754911,-0.028742954535919386,0.7996852238130907
9.05,0.7299586522314407,0.8310311170387724,-0.09635707338145125,0.7299586522314407
9.1,0.6439838573821388,0.8247625681009192,-0.1409599188570142,0.6439838573821388
9.15,0.6006541770315513,0.8135157064348316,-0.15368224185988563,0.6006541770315513
9.2,0.7019525089494048,0.7973547903035197,-0.13301964362750762,0.7019525089494048
9.25,0.7678199518552121,0.7763755691964829,-0.08477567054194297,0.7678199518552121
9.3,0.6226817697486724,0.7507046608599607,-0.020411377490308743,0.6226817697486724
9.35,0.7157597708549247,0.7204987347142826,0.04570686970595054,0.7157597708549247
9.4,0.774794124456103,0.6859435014955376,0.09948729983938581,0.774794124456103
9.45,0.752888643859596,0.6472525066899697,0.1300311647029769,0.752888643859596
9.5,0.7155026281480503,0.6046657256078735,0.13172052981190174,0.7155026281480503
9.55,0.6562582663257465,0.5584479612684305,0.1051190273161252,0.6562582663257465
9.6,0.4869073532847344,0.5088870527429888,0.056589282203637674,0.4869073532847344
9.65,0.42656675228683344,0.4562919100893276,-0.0032137607266941653,0.42656675228683344
9.7,0.2780807044120466,0.4009904004021878,-0.061614437903242614,0.2780807044120466
9.75,0.22319536658632924,0.3433271156803901,-0.10648343715432763,0.22319536658632924
9.8,0.1610707351361514,0.2836610557783056,-0.12861706310421683,0.1610707351361514
9.85,0.11876328990557514,0.22236325836149431,-0.12351031789148643,0.11876328990557514
9.9,-0.009917815702154602,0.1598144031877498,-0.09222118088267627,-0.009917815702154602
9.95,0.01898138450277702,0.09640241133805154,-0.04116934087600917,0.01898138450277702
10.0,-0.0453822612175698,0.032520052307593784,0.019118038773849325,-0.0453822612175698
10.05,0.05233277179905021,-0.03143743599233653,0.07611179146946041,0.05233277179905021
10.1,0.09767000854171604,-0.09507471618154088,0.1178490512178616,0.09767000854171604
10.15,-0.052174681746464634,-0.15799871547805253,0.13544213326497528,-0.052174681746464634
10.2,-0.116535211563788,-0.21982099106939626,0.12498328936711135,-0.116535211563788
10.25,-0.22900562903109284,-0.2801600981701377,0.08841754106387224,-0.22900562903109284
10.3,-0.321018658092535,-0.33864395394287045,0.03318477391668581,-0.321018658092535
10.35,-0.41228601353660504,-0.3949121814250444,-0.02929515312416329,-0.41228601353660504
10.4,-0.5613268328129797,-0.44861840996045227,-0.08597627156313455,-0.5613268328129797
10.45,-0.6632162160950095,-0.4994325036347599,-0.12489457041914404,-0.6632162160950095
10.5,-0.6120556515882256,-0.5470426875432658,-0.1376801697456243,-0.6120556515882256
10.55,-0.6997989508185424,-0.591157543708773,-0.12136397838849987,-0.6997989508185424
10.6,-0.7984793688861813,-0.6315078537117454,-0.0791026465346687,-0.7984793688861813
10.65,-0.7185793995100648,-0.667848272380349,-0.01964667880697569,-0.7185793995100648
10.7,-0.5698731702385692,-0.6999588249000595,0.04438353590608173,-0.5698731702385692
10.75,-0.6726132023001897,-0.7276462273133076,0.09910325437980584,-0.6726132023001897
10.8,-0.5909699627285193,-0.7507450360601949,0.13233550788835483,-0.5909699627285193
10.85,-0.7310130394103915,-0.7691186342312742,0.13632643645022663,-0.7310130394103915
10.9,-0.6321415466693618,-0.7826600600231258,0.10960268886000732,-0.6321415466693618
10.95,-0.8015093335130511,-0.7912926776864333,0.057521649944864174,-0.8015093335130511
11.0,-0.7602166625283504,-0.7949706848960643,-0.008680303409293339,-0.7602166625283504
11.05,-0.8147933722134857,-0.7936794445120589,-0.07421998439913005,-0.8147933722134857
11.1,-0.9610483335926776,-0.7874356242998076,-0.12403424868303906,-0.9610483335926776
11.15,-0.8966401928258684,-0.7762871262849013,-0.14627352920987763,-0.8966401928258684
11.2,-0.9693653339903279,-0.7603127888384698,-0.13519185868216907,-0.9693653339903279
11.25,-0.8113875815339241,-0.7396218498313305,-0.09268334769193357,-0.8113875815339241
11.3,-0.8359590973897161,-0.7143531679748114,-0.028010589092841896,-0.8359590973897161
11.35,-0.5793486585750811,-0.6846742103520619,0.04427773190298171,-0.5793486585750811
11.4,-0.5431320512115188,-0.6507798248928951,0.10775724255159742,-0.5431320512115188
11.45,-0.3962800336020952,-0.612890824756736,0.1480125697162477,-0.3962800336020952
11.5,-0.46059984542167687,-0.5712524152852683,0.15600798507986055,-0.46059984542167687
11.55,-0.3936331174385976,-0.5261324925063067,0.13010444673922172,-0.3936331174385976
11.6,-0.43714239857284626,-0.47781983593048855,0.07626523966168326,-0.43714239857284626
11.65,-0.41929245182181374,-0.4266222097948951,0.0064799141329121394,-0.41929245182181374
11.7,-0.4401191759073183,-0.37286437851108334,-0.0641206415539495,-0.4401191759073183
11.75,-0.4217888719229197,-0.3168860358342078,-0.1207037315353535,-0.4217888719229197
11.8,-0.40665466136478484,-0.2590396443631746,-0.15190874886646527,-0.40665466136478484
11.85,-0.36267312573166355,-0.199688182925806,-0.15207256619438997,-0.36267312573166355
11.9,-0.2508669794551626,-0.13920280412425196,-0.12210316445900207,-0.2508669794551626
11.95,-0.13026740082064345,-0.07796041212575253,-0.06893480610475729,-0.13026740082064345
12.0,0.08562445125474208,-0.01634118030851834,-0.0038058961589690077,0.08562445125474208
12.05,-0.029845640477008384,0.045273962396283986,0.060186917574790076,-0.029845640477008384
12.1,0.2131543217128195,0.10650584077529084,0.11071998758172771,0.2131543217128195
12.15,0.3932587226102203,0.1669794992705185,0.138553860303917,0.3932587226102203
12.2,0.3972941902457904,0.22632658610719755,0.13913218965981444,0.3972941902457904
12.25,0.40487828005462734,0.28418762129775427,0.11323299813456644,0.40487828005462734
12.3,0.3976486687892005,0.3402141221832738,0.06661525071197762,0.3976486687892005
12.35,0.389976968870931,0.39407057108251076,0.008780478890535494,0.389976968870931
12.4,0.40965243832483583,0.4454362210648792,-0.04888884805720989,0.40965243832483583
12.45,0.46435830710078785,0.49400674524520594,-0.09527180429559147,0.46435830710078785
12.5,0.4358169841282577,0.5394957409048028,-0.12157184718372663,0.4358169841282577
12.55,0.5139757328189856,0.5816361020687392,-0.12296561213643711,0.5139757328189856
12.6,0.5297033133184694,0.6201812734542556,-0.09955678927088811,0.5297033133184694
12.65,0.5387625748725853,0.6549063955998964,-0.05643565456898206,0.5387625748725853
12.7,0.7456199297298235,0.6856093461360655,-0.0027679909369128317,0.7456199297298235
12.75,0.7664251775018238,0.712111676403229,0.04999109267009748,0.7664251775018238
12.8,0.8304602604939071,0.7342594372357072,0.09046370877252086,0.8304602604939071
12.85,0.9121776519868988,0.7519238843016686,0.10982757266879098,0.9121776519868988
12.9,0.8794589514654569,0.7650020531340503,0.10385305952460722,0.8794589514654569
12.95,0.7739618373353052,0.7734171970436815,0.07399429661023472,0.7739618373353052
13.0,0.9008869972094422,0.7771190865340084,0.02721560927146373,0.9008869972094422
13.05,0.7541027727262573,0.7760841750486448,-0.02547991220903769,0.7541027727262573
13.1,0.7357348796682625,0.7703156412924569,-0.07153572895561013,0.7357348796682625
13.15,0.5714222137362076,0.7598433219400097,-0.09978649233010382,0.5714222137362076
13.2,0.7107644118445068,0.7447235496096034,-0.10315804115893501,0.7107644118445068
13.25,0.5502479620144478,0.7250389088518732,-0.08044542295757354,0.5502479620144478
13.3,0.7117704213880081,0.7008979173958388,-0.03670444746064173,0.7117704213880081
13.35,0.7770233190553555,0.6724346320477333,0.01786027087395291,0.7770233190553555
13.4,0.6873209749262023,0.6398081705100771,0.07024644783164057,0.6873209749262023
13.45,0.7605379936328523,0.6032021342746147,0.1076767699393791,0.7605379936328523
13.5,0.6020812206613223,0.562823915270898,0.12058030110776784,0.6020812206613223
13.55,0.6690177414166485,0.5189038703525564,0.10485435556481447,0.6690177414166485
13.6,0.5555326589956884,0.471694351951438,0.06290967215642111,0.5555326589956884
13.65,0.4327448833312581,0.4214685890048013,0.0032722741486345256,0.4327448833312581
13.7,0.37326349137333836,0.3685194185420113,-0.061181130977148605,0.37326349137333836
13.75,0.21600985321244995,0.3131578741523785,-0.11599159611888835,0.21600985321244995
13.8,0.141475007601849,0.255711641782899,-0.14830850238736423,0.141475007601849
13.85,0.041217561516479276,0.19652339484169196,-0.14981307812390743,0.041217561516479276
13.9,0.0980865152279597,0.13594901887165103,-0.11872058855826037,0.0980865152279597
13.95,0.01597385927280928,0.0743557314185824,-0.06038810326585594,0.01597385927280928
14.0,0.06821266509224319,0.012120096424552976,0.013649049067931036,0.06821266509224319
14.05,0.04526101370923636,-0.05037407349093433,0.08804114821502082,0.04526101370923636
14.1,0.09048965060135127,-0.11273793716818883,0.14689660399441037,0.09048965060135127
14.15,0.06077885301367689,-0.17457997771088388,0.1772526763898613,0.06077885301367689
14.2,-0.05650214267194198,-0.2355084936134154,0.17197194080118788,-0.05650214267194198
14.25,-0.12741068577879944,-0.29513422468326306,0.13140798233318646,-0.12741068577879944
14.3,-0.27074559158603023,-0.35307309647390894,0.06345429337218889,-0.27074559158603023
14.35,-0.4087232462494884,-0.4089490527376556,-0.018049602558821064,-0.4087232462494884
14.4,-0.5922558304218275,-0.46239693233265006,-0.09621774461281431,-0.5922558304218275
14.45,-0.6163750362063978,-0.5130653374213251,-0.15470259400871172,-0.6163750362063978
14.5,-0.7161252130843522,-0.560619435400151,-0.1812001589507731,-0.7161252130843522
14.55,-0.7286936186031457,-0.6047436385173734,-0.17012886841357328,-0.7286936186031457
14.6,-0.8305383785226289,-0.6451441119822083,-0.12390470909332245,-0.8305383785226289
14.65,-0.6398935534098882,-0.6815510720094069,-0.052516689597059574,-0.6398935534098882
14.7,-0.7273492307438093,-0.7137208478481597,0.028548882434059526,-0.7273492307438093
14.75,-0.719531864865544,-0.7414376944802322,0.10163692771235286,-0.719531864865544
14.8,-0.5690932353988428,-0.7645153533803666,0.15081637171922102,-0.5690932353988428
14.85,-0.5914255608595034,-0.7827983660682352,0.16548314113515655,-0.5914255608595034
14.9,-0.6068948825484382,-0.7961631484701818,0.14283107653643098,-0.6068948825484382
14.95,-0.7555974318456784,-0.8045188331491772,0.08856333187616666,-0.7555974318456784
15.0,-0.7554916261690483,-0.8078078817971933,0.015611962647420735,-0.7554916261690483
15.05,-0.8242969023120784,-0.8060064639300215,-0.05887838211818366,-0.8242969023120784
15.1,-0.9484334230962963,-0.7991245922108824,-0.11759771694514853,-0.9484334230962963
15.15,-0.9580930463343054,-0.7872060024279616,-0.14716396748785068,-0.9580930463343054
15.2,-0.8316464342244608,-0.7703277679335184,-0.14125075394335365,-0.8316464342244608
15.25,-0.8371332917174937,-0.7485996444548861,-0.10198006077189761,-0.8371332917174937
15.3,-0.7642598060597918,-0.7221631506269556,-0.03925692901409041,-0.7642598060597918
15.35,-0.6473767852644109,-0.6911904002707439,0.03175038197734115,-0.6473767852644109
15.4,-0.5109839908322198,-0.6558827120694866,0.09432019331109694,-0.5109839908322198
15.45,-0.408484210010635,-0.6164690291902885,0.13413555709862598,-0.408484210010635
15.5,-0.4032636644252378,-0.5732041843162766,0.1425229335632247,-0.4032636644252378
15.55,-0.3895301614924748,-0.5263670436314524,0.11822893505835441,-0.3895301614924748
15.6,-0.4558212929064742,-0.47625855679090695,0.06739889803372454,-0.4558212929064742
15.65,-0.3709621332023213,-0.42319973062058736,0.0018829438237791727,-0.3709621332023213
15.7,-0.404433503325535,-0.36752953488697704,-0.06362167515893247,-0.404433503325535
15.75,-0.4223921191723608,-0.30960274120455955,-0.1148709899844725,-0.4223921191723608
15.8,-0.30144223391385017,-0.24978769214701857,-0.14107914194776505,-0.30144223391385017
15.85,-0.31931264722134806,-0.1884639971580349,-0.13703217106708718,-0.31931264722134806
15.9,-0.2393120614284042,-0.12602015469656305,-0.10395522865612818,-0.2393120614284042
15.95,-0.15664211049058405,-0.06285110556763206,-0.04904963409370195,-0.15664211049058405
16.0,0.05120828892935728,0.0006442703629867646,0.016130306000486982,0.05120828892935728
16.05,0.22392270585759283,0.06406569410003204,0.07808983983600036,0.22392270585759283
16.1,0.22430624681952754,0.1270140375608661,0.12410251711928881,0.22430624681952754
16.15,0.31667024150017686,0.18909385391204975,0.14469791851332817,0.31667024150017686
16.2,0.3983897581204102,0.24991585962346805,0.1354845216368296,0.3983897581204102
16.25,0.4047226338010947,0.3090993449046804,0.09800585437671722,0.4047226338010947
16.3,0.3688960913555409,0.3662744967527438,0.03949840361181244,0.3688960913555409
16.35,0.3933942778043602,0.42108462699643145,-0.028409916888199105,0.3933942778043602
16.4,0.44089931264267046,0.47318830491402364,-0.09186311268606068,0.44089931264267046
16.45,0.3820192468465642,0.5222613987773513,-0.1374623715857812,0.3820192468465642
16.5,0.42864757410249155,0.5679990321039564,-0.15501635099370834,0.42864757410249155
16.55,0.5094126614550304,0.6101174583304959,-0.13982858040906743,0.5094126614550304
16.6,0.46598097490890833,0.6483558523944143,-0.09400443759804797,0.46598097490890833
16.65,0.6582435614326949,0.682478010021947,-0.026388233703047357,0.6582435614326949
16.7,0.792470050157395,0.7122739365556534,0.049002772450965945,0.792470050157395
16.75,0.9005132206241339,0.737561298646872,0.11583363204939406,0.9005132206241339
16.8,0.9424172681474803,0.7581867062985007,0.15903265821949522,0.9424172681474803
16.85,0.8977976874185855,0.774026791703467,0.16829324769135498,0.8977976874185855
16.9,0.8980793299429782,0.7849890559361439,0.14064576248802796,0.8980793299429782
16.95,0.9263561686485028,0.7910124636956001,0.08142301242325735,0.9263561686485028
17.0,0.8787834720936795,0.7920677776600978,0.0032991536461182648,0.8787834720936795
17.05,0.7243811719911877,0.7881576355212944,-0.07645987758844056,0.7243811719911877
17.1,0.5838175918289195,0.7793163830741284,-0.13993904827321763,0.5838175918289195
17.15,0.6136206610242829,0.7656096844829431,-0.17277584768190776,0.6136206610242829
17.2,0.5481493966750309,0.7471339342409602,-0.16757585346148068,0.5481493966750309
17.25,0.6590522529857984,0.7240154932186185,-0.125670949737209,0.6590522529857984
17.3,0.6285742193796763,0.696409764301464,-0.056771351540679645,0.6285742193796763
17.35,0.6951590455818666,0.6645001139441382,0.023388921242921832,0.6951590455818666
17.4,0.7398043887487831,0.6284966374030826,0.09680032875644524,0.7398043887487831
17.45,0.7517888228185983,0.5886347596690563,0.14737131124784106,0.7517888228185983
17.5,0.761771832667795,0.5451736625290828,0.16454271689312933,0.761771832667795
17.55,0.6511094733762353,0.49839453134203043,0.14549012094553904,0.6511094733762353
17.6,0.49865031014096073,0.4485986227858291,0.0954733742899018,0.49865031014096073
17.65,0.36428580860097,0.3961051656534236,0.026366666079081637,0.36428580860097
17.7,0.24148422347136447,0.3412491182080736,-0.046178995391856784,0.24148422347136447
17.75,0.22935562034869988,0.2843788147227667,-0.10623249249989744,0.22935562034869988
17.8,0.19100376043143902,0.2258535385770797,-0.14097356783686055,0.19100376043143902
17.85,0.037064439084039655,0.16604105941515784,-0.14331990045415074,0.037064439084039655
17.9,-0.039411503789160814,0.1053151685928008,-0.11332748741239021,-0.039411503789160814
17.95,-0.09017385739664704,0.04405324178840114,-0.05812661908571511,-0.09017385739664704
18.0,-0.0498092181170414,-0.017366149290476245,0.009604843171868613,-0.0498092181170414
18.05,0.049069225476961374,-0.07856556250567258,0.0743698917041987,0.049069225476961374
18.1,-0.006121016663625202,-0.13917094312799136,0.12126201164397808,-0.006121016663625202
18.15,-0.05574101610088823,-0.19881381521882588,0.13933983886499574,-0.05574101610088823
18.2,-0.1811065190047666,-0.2571334098698179,0.12419817659185929,-0.1811065190047666
18.25,-0.21258521088131024,-0.31377873089130853,0.0791026646140334,-0.21258521088131024
18.3,-0.4009200285937657,-0.36841055268643297,0.014362817040096738,-0.4009200285937657
18.35,-0.3020908315674064,-0.4207033384397569,-0.05497302218016532,-0.3020908315674064
18.4,-0.6694259334381474,-0.47034706122878117,-0.1126035123311303,-0.6694259334381474
18.45,-0.7410892898795981,-0.517048907275105,-0.14482619205836778,-0.7410892898795981
18.5,-0.6590424210773003,-0.5605348401621054,-0.14381078912327108,-0.6590424210773003
18.55,-0.7580046886501425,-0.6005510084934043,-0.10946602510816207,-0.7580046886501425
18.6,-0.6453167763727405,-0.6368649873718835,-0.04942616761004057,-0.6453167763727405
18.65,-0.6329324196784057,-0.6692668545427675,0.022820704017639252,-0.6329324196784057
18.7,-0.6075326367615996,-0.6975701121071022,0.09115591819574743,-0.6075326367615996
18.75,-0.595969425599318,-0.7216124718107045,0.1405693815291866,-0.595969425599318
18.8,-0.5130183754049095,-0.7412565246672993,0.16049230470285072,-0.5130183754049095
18.85,-0.6529973116111669,-0.7563903137598229,0.1469621520470264,-0.6529973116111669
18.9,-0.6969609001263892,-0.7669278229557512,0.1032019835973356,-0.6969609001263892
18.95,-0.7286743786740147,-0.7728093852123428,0.03861140513345953,-0.7286743786740147
19.0,-0.7939253678515217,-0.7740020041646002,-0.03346777121522527,-0.7939253678515217
19.05,-0.9267546072676868,-0.7704995740653936,-0.09862234711485954,-0.9267546072676868
19.1,-0.8996582310223811,-0.7623229776031845,-0.14423399089486283,-0.8996582310223811
19.15,-0.8548386449424075,-0.7495200396377937,-0.1617971162527634,-0.8548386449424075
19.2,-0.8555816062446622,-0.7321653178053399,-0.14833195750786635,-0.8555816062446622
19.25,-0.905079672482506,-0.7103597176387058,-0.10674488305433837,-0.905079672482506
19.3,-0.684643565148011,-0.6842299288579191,-0.04516487606014881,-0.684643565148011
19.35,-0.6064226996250134,-0.6539276892760942,0.024586526751810025,-0.6064226996250134
19.4,-0.6023676101761037,-0.6196288919818036,0.08914204106806409,-0.6023676101761037
19.45,-0.38675022017422706,-0.5815325584642508,0.1360296674666073,-0.38675022017422706
19.5,-0.46087135258840334,-0.5398597035665008,0.15602991589256315,-0.46087135258840334
19.55,-0.3291830123670405,-0.4948521169804828,0.14504395120136243,-0.3291830123670405
19.6,-0.3284857650435101,-0.44677108093448376,0.10509016432958404,-0.3284857650435101
19.65,-0.37221943782643097,-0.39589603588389694,0.04414555328957307,-0.37221943782643097
19.7,-0.2912517623274238,-0.3425231968402529,-0.02526217844839271,-0.2912517623274238
19.75,-0.3935584807994468,-0.2869641140940841,-0.08854130960957124,-0.3935584807994468
19.8,-0.36968549264731315,-0.22954416512873102,-0.13214587352461268,-0.36968549264731315
19.85,-0.34859245617744766,-0.17060096088997959,-0.1466316262405186,-0.34859245617744766
19.9,-0.2933756616319917,-0.11048265025723703,-0.12891219016086045,-0.2933756616319917
19.95,-0.15474590572337116,-0.04954611182702897,-0.0831060591359174,-0.15474590572337116
20.0,0.1073620030634424,0.011844968868043199,-0.01969459729055858,0.1073620030634424
20.05,0.055727275054684305,0.07332212790910446,0.046854114528512014,0.055727275054684305
20.1,0.24162302915585665,0.13451423900436954,0.10143412598372015,0.24162302915585665
20.15,0.3283829978535571,0.195049692661249,0.13180805988193348,0.3283829978535571
20.2,0.38328821849539774,0.25455861253681117,0.13142266298224123,0.38328821849539774
20.25,0.35779425208042714,0.3126750851137127,0.10086771624707995,0.35779425208042714
20.3,0.4412308379017899,0.3690393837719907,0.047652511372968206,0.4412308379017899
20.35,0.34504703429610273,0.4233001747325202,-0.015619716404423785,0.34504703429610273
20.4,0.43346043054694317,0.4751166985180016,-0.07422700508659007,0.43346043054694317
20.45,0.42540532884029153,0.5241609248464185,-0.11474774737415429,0.42540532884029153
20.5,0.4453343671061466,0.5701196802078538,-0.1281323639399502,0.4453343671061466
20.55,0.4368118830327181,0.6126967455447433,-0.11172792800281882,0.4368118830327181
20.6,0.6303689825223636,0.651614916816756,-0.0698001701457802,0.6303689825223636
20.65,0.6091533408236847,0.6866180144968583,-0.012443399105201201,0.6091533408236847
20.7,0.7572550519197322,0.7174728203701448,0.04685488562247598,0.7572550519197322
20.75,0.8390196633193134,0.7439709130594065,0.09440778548823074,0.8390196633193134
20.8,0.9488431347886996,0.7659303691937683,0.11951177235222762,0.9488431347886996
20.85,0.8619173750445296,0.7831972962979682,0.11685661865299228,0.8619173750445296
20.9,0.9286539739153763,0.7956471668521368,0.08760347621584946,0.9286539739153763
20.95,0.7785304780082452,0.8031859301148302,0.03891873964868002,0.7785304780082452
21.0,0.8117224399761229,0.8057508876017995,-0.01785697791694574,0.8117224399761229
21.05,0.7032857546643382,0.8033113273342664,-0.06990199943713518,0.7032857546643382
21.1,0.7077176769595794,0.7958689191868765,-0.105796541158766,0.7077176769595794
21.15,0.663140967959948,0.783457877795725,-0.11793760331565127,0.663140967959948
21.2,0.6729096697289219,0.7661449003342459,-0.10399877245810843,0.6729096697289219
21.25,0.6710321877790519,0.7440288845344609,-0.0672082597305229,0.6710321877790519
21.3,0.7337085058166454,0.7172404286212737,-0.015490001195459194,0.7337085058166454
21.35,0.7474848822569972,0.6859411106680192,0.04026947663616282,0.7474848822569972
21.4,0.6776304624023226,0.6503225417603709,0.08843763584957405,0.6776304624023226
21.45,0.7135249920793898,0.6106051865568539,0.11891041822051514,0.7135249920793898
21.5,0.7118204802758138,0.567036946942801,0.1250553074976799,0.7118204802758138
21.55,0.5993858383438284,0.5198915092902466,0.10501012418809169,0.5993858383438284
21.6,0.6196803343409218,0.4694664628434291,0.06212326441905091,0.6196803343409218
21.65,0.32536324380579795,0.4160812053617698,0.004441220736905566,0.32536324380579795
21.7,0.31535802940668384,0.36007466133810706,-0.05670645038225567,0.31535802940668384
21.75,0.15070208344709898,0.3018028461125199,-0.10881767418493289,0.15070208344709898
21.8,0.16512606773136163,0.24163631402541774,-0.14067516074764946,0.16512606773136163
21.85,0.052532517100998516,0.17995752921109132,-0.1447055700557682,0.052532517100998516
21.9,-0.0035256491816470564,0.11715819401179756,-0.1187664685271596,-0.0035256491816470564
21.95,-0.03416170815359819,0.05363656361352102,-0.06693907256316656,-0.03416170815359819
22.0,-0.07625108378614814,-0.010205232258690787,0.0009493920496658503,-0.07625108378614814
22.05,-0.010468713522083183,-0.07396384785844685,0.0711086040570672,-0.010468713522083183
22.1,-0.023731035421661578,-0.13723735482607816,0.12860191389592934,-0.023731035421661578
22.15,0.12585456931675876,-0.19962785042501405,0.16062816385179085,0.12585456931675876
22.2,-0.1954806253928806,-0.2607440419720014,0.1595123454843101,-0.1954806253928806
22.25,-0.1747859759499112,-0.32020380523755076,0.12465620601424793,-0.1747859759499112
22.3,-0.34995649261424927,-0.37763670642539127,0.06292240678959611,-0.34995649261424927
22.35,-0.46917832715473157,-0.4326864670231404,-0.012697879898511646,-0.46917832715473157
22.4,-0.5786356160913837,-0.48501334155190823,-0.08586653785248576,-0.5786356160913837
22.45,-0.6215078856226133,-0.5342963723780763,-0.14051493599478918,-0.6215078856226133
22.5,-0.7405258689900561,-0.5802354843090095,-0.16448175188836392,-0.7405258689900561
22.55,-0.7778854345368458,-0.6225533847139666,-0.1523418996697406,-0.7778854345368458
22.6,-0.7710871116051883,-0.6609972417806012,-0.1067596518559584,-0.7710871116051883
22.65,-0.7790011263832997,-0.6953401232595512,-0.03801218998523129,-0.7790011263832997
22.7,-0.6843165154325421,-0.7253821894078595,0.03826291036065633,-0.6843165154325421
22.75,-0.627840122344032,-0.7509516451332979,0.10462284212779359,-0.627840122344032
22.8,-0.6229840122919903,-0.7719054655405084,0.14587070744507222,-0.6229840122919903
22.85,-0.6534605625199801,-0.788129914337536,0.15264282620159222,-0.6534605625199801
22.9,-0.6769621084198528,-0.7995408749475404,0.12365431156068625,-0.6769621084198528
22.95,-0.7608615570516505,-0.8060840101961891,0.06603334263592604,-0.7608615570516505
23.0,-0.7512017717381292,-0.8077347598531455,-0.006364190741346957,-0.7512017717381292
23.05,-0.860909408247963,-0.8044981782265982,-0.07626921402497121,-0.860909408247963
23.1,-1.0837015550378655,-0.7964086082657398,-0.12714158256994548,-1.0837015550378655
23.15,-0.8199218143998263,-0.7835291857031331,-0.1471220319730052,-0.8199218143998263
23.2,-0.8839611816644696,-0.7659511679138842,-0.13181963424417453,-0.8839611816644696
23.25,-0.86546774100086,-0.7437930876824901,-0.08525932198252792,-0.86546774100086
23.3,-0.6903028219169093,-0.7171997404963979,-0.018785621223307226,-0.6903028219169093
23.35,-0.6871935310369053,-0.6863410228535749,0.051769484912553614,-0.6871935310369053
23.4,-0.5158342365151368,-0.651410646379355,0.10992692783444812,-0.5158342365151368
23.45,-0.4459836633738932,-0.612624757041773,0.1424525498927,-0.4459836633738932
23.5,-0.37589935257749374,-0.5702204894585123,0.14235720591580478,-0.37589935257749374
23.55,-0.45749927945414903,-0.5244544826248354,0.11031108556845265,-0.45749927945414903
23.6,-0.3594652724112353,-0.47560137570932615,0.05419814375431043,-0.3594652724112353
23.65,-0.46057774221394404,-0.423952292402134,-0.012988830970105412,-0.46057774221394404
23.7,-0.43601003322354825,-0.3698133119963384,-0.07631391731411111,-0.43601003322354825
23.75,-0.47918078325345365,-0.3135039171996079,-0.12230888327759931,-0.47918078325345365
23.8,-0.34039070245606917,-0.2553554042122378,-0.1418227118880554,-0.34039070245606917
23.85,-0.2951086749204609,-0.1957092406219975,-0.1317156313143166,-0.2951086749204609
23.9,-0.20990163364770745,-0.13491536079875727,-0.09513784673990423,-0.20990163364770745
23.95,-0.10565361505967823,-0.07333039524829871,-0.040481596585903674,-0.10565361505967823
24.0,0.01712179388127889,-0.01131583792503824,0.020635812332801647,0.01712179388127889
24.05,0.13612724191184333,0.050763837716551505,0.07585824028026206,0.13612724191184333
24.1,0.16759832313663292,0.11254309821420544,0.11453029061677722,0.16759832313663292
24.15,0.3188746050880398,0.17365728710609982,0.12965257422959894,0.3188746050880398
24.2,0.38150736758985127,0.23374456207078073,0.1190472200989181,0.38150736758985127
24.25,0.3761977848806624,0.2924478181810358,0.08558146532731928,0.3761977848806624
24.3,0.3634760552672457,0.3494165887508226,0.03645383441418566,0.3634760552672457
24.35,0.4114507596144793,0.40430892189657286,-0.01830188949941352,0.4114507596144793
24.4,0.3726018952283872,0.4567932371620844,-0.06780930133023788,0.3726018952283872
24.45,0.4231830861703261,0.5065501706446348,-0.10246466737051015,0.4231830861703261
24.5,0.4072064152292947,0.5532744178913268,-0.11577489623709533,0.4072064152292947
24.55,0.4330750311541012,0.5966765811211793,-0.10556575258524624,0.4330750311541012
24.6,0.5583357232830454,0.6364850213166544,-0.07432806276576175,0.5583357232830454
24.65,0.689410616216649,0.6724477070891506,-0.02864498461890019,0.689410616216649
24.7,0.7122537736672153,0.7043340422958034,0.022164177643335965,0.7122537736672153
24.75,0.8470238945241518,0.7319366452127287,0.06789036526779628,0.8470238945241518
24.8,0.8252971629525847,0.755073045702025,0.09939818093565662,0.8252971629525847
24.85,0.8710013158980495,0.7735872643514418,0.11034292053590257,0.8710013158980495
24.9,0.9044229355841125,0.7873512389237477,0.09835529028732094,0.9044229355841125
24.95,0.8606194077443373,0.7962660678034279,0.06551605330418482,0.8606194077443373
25.0,0.8412211945558732,0.8002630464462318,0.0180528536874623,0.8412211945558732
25.05,0.7570317441980631,0.799304480103808,-0.034706408699933265,0.7570317441980631
25.1,0.7871610817380339,0.7933842632169313,-0.08199104860976908,0.7871610817380339
25.15,0.6734613593200263,0.7825282216979833,-0.11362456882346834,0.6734613593200263
25.2,0.63922330833185,0.7667942179984175,-0.1221161113285371,0.63922330833185
25.25,0.7274964394890278,0.7462720200624429,-0.10441312586883036,0.7274964394890278
25.3,0.6870447668457133,0.7210829341946122,-0.06291186151132923,0.6870447668457133
25.35,0.6843817655649671,0.6913791993032926,-0.005401279059133226,0.6843817655649671
25.4,0.7685419041761135,0.6573431373390486,0.05620453514375036,0.7685419041761135
25.45,0.6728639010480988,0.6191860535278564,0.10822836226239356,0.6728639010480988
25.5,0.7237831300309724,0.5771468811748084,0.1382735430778357,0.7237831300309724
25.55,0.7063508017559145,0.53149056976619,0.13828417828126258,0.7063508017559145
25.6,0.6495227062627045,0.482506221800866,0.10683728002858152,0.6495227062627045
25.65,0.4986601487551539,0.4305049929003511,0.04996991889927278,0.4986601487551539
25.7,0.3903320756209372,0.3758177805527814,-0.019840024901083584,0.3903320756209372
25.75,0.22135935331708176,0.3187927378879394,-0.08643718950450155,0.22135935331708176
25.8,0.053323189552122785,0.2597926579446487,-0.13387921424491092,0.053323189552122785
25.85,0.0658294392838788,0.19919227869696368,-0.1504624133100542,0.0658294392838788
25.9,-0.0036171117526810617,0.1373755582416486,-0.13179270232352602,-0.0036171117526810617
25.95,-0.03306438020376811,0.07473296311219708,-0.08203878615464737,-0.03306438020376811
26.0,0.021665450739036106,0.01165880233657262,-0.012993645209228738,0.021665450739036106
26.05,-0.008353239618260342,-0.05145137187587366,0.058827401627695876,-0.008353239618260342
26.1,-0.005714584260595661,-0.11420328661372214,0.1162882658948524,-0.005714584260595661
26.15,-0.01864109162737994,-0.1762063914892912,0.14585407794809443,-0.01864109162737994
26.2,-0.1177118485017502,-0.23707622400070766,0.1408427051972987,-0.1177118485017502
26.25,-0.16911802216987368,-0.2964366981026112,0.10290021942096267,-0.16911802216987368
26.3,-0.3043609056844719,-0.3539223133850359,0.04138637014707213,-0.3043609056844719
26.35,-0.42029066074358207,-0.4091802766952867,-0.02909011445883302,-0.42029066074358207
26.4,-0.6329688148198505,-0.4618725224186235,-0.09228520673751545,-0.6329688148198505
26.45,-0.6359588849130053,-0.5116776138877404,-0.13413368938884476,-0.6359588849130053
26.5,-0.6554710598989957,-0.558292508203024,-0.14583721107087785,-0.6554710598989957
26.55,-0.6644175157922209,-0.6014341708808101,-0.1255632681020844,-0.6644175157922209
26.6,-0.6296086179230004,-0.6408410343439321,-0.07849411098328321,-0.6296086179230004
26.65,-0.6668255739223351,-0.6762743030874423,-0.015369600969977382,-0.6668255739223351
26.7,-0.7066536793993359,-0.7075191160348943,0.05003303031414877,-0.7066536793993359
26.75,-0.6244751298764498,-0.7343855817599777,0.10389051228809502,-0.6244751298764498
26.8,-0.5578787316712972,-0.7567097045460704,0.13518770673860464,-0.5578787316712972
26.85,-0.6484447115971503,-0.7743542186791535,0.13790225487583288,-0.6484447115971503
26.9,-0.5952033599334426,-0.7872093446267894,0.1121269173764381,-0.5952033599334426
26.95,-0.6600226229226305,-0.7951934736461506,0.06392960466348699,-0.6600226229226305
27.0,-0.8291301084643393,-0.7982537775999478,0.003985095112827375,-0.8291301084643393
27.05,-0.8563625851942234,-0.7963667300950725,-0.05474318667698278,-0.8563625851942234
27.1,-0.8203377790174695,-0.7895385157915031,-0.09978884696155074,-0.8203377790174695
27.15,-0.9726807994825166,-0.7778052990224398,-0.12184438379352099,-0.9726807994825166
27.2,-0.8016834032718709,-0.7612333218921126,-0.1167290217822907,-0.8016834032718709
27.25,-0.8519232556873304,-0.7399188055420267,-0.0862408758111149,-0.8519232556873304
27.3,-0.7752030009698636,-0.713987635145237,-0.03771263452130982,-0.7752030009698636
27.35,-0.628272506079227,-0.6835948179180679,0.017631025526099353,-0.628272506079227
27.4,-0.5639431179501715,-0.6489237124423113,0.06715881535257723,-0.5639431179501715
27.45,-0.581964762954147,-0.6101850353219668,0.0996245330797589,-0.581964762954147
27.5,-0.46780531490394894,-0.5676156564315661,0.1076622141882428,-0.46780531490394894
27.55,-0.40674680672564506,-0.5214771963207878,0.08944240671268486,-0.40674680672564506
27.6,-0.43027577916312487,-0.47205443924415585,0.04911977636381683,-0.43027577916312487
27.65,-0.4090505251290293,-0.4196535736734563,-0.004046097266332428,-0.4090505251290293
27.7,-0.38171320129923847,-0.364600269857622,-0.05772799065234867,-0.38171320129923847
27.75,-0.43830829584435593,-0.30723760204964295,-0.09929188368463751,-0.43830829584435593
27.8,-0.38113727991865093,-0.24792382268551927,-0.11866622393474012,-0.38113727991865093
27.85,-0.2845842679081406,-0.1870299980997076,-0.1106624023204311,-0.2845842679081406
27.9,-0.15651822021064687,-0.12493752063577843,-0.07620762440652196,-0.15651822021064687
27.95,-0.08777269690134297,-0.06203551959044662,-0.02220586575357219,-0.08777269690134297
28.0,0.08831282653705214,0.0012817983979269202,0.03993456110181203,0.08831282653705214
28.05,0.22495087068110417,0.06461784223969977,0.09676415315709064,0.22495087068110417
28.1,0.2522211510397582,0.1275763218121051,0.13569273716465613,0.2522211510397582
28.15,0.31623808604073333,0.18976388583611728,0.14769900735815555,0.31623808604073333
28.2,0.4809985871499819,0.2507926770936574,0.12928460911439715,0.4809985871499819
28.25,0.39043830150965375,0.31028277826533096,0.08328156961489275,0.39043830150965375
28.3,0.36265657972938015,0.36786453217167253,0.018359395767508262,0.36265657972938015
28.35,0.4155784314553325,0.4231807313230864,-0.05266613501571847,0.4155784314553325
28.4,0.34589360510430667,0.475888681601325,-0.1153907413083213,0.34589360510430667
28.45,0.455811965050305,0.5256621516157852,-0.15674961675531102,0.455811965050305
28.5,0.4437670701836199,0.5721932215979564,-0.16774409598602044,0.4437670701836199
28.55,0.4335606661554604,0.6151940437121719,-0.14541670927811215,0.4335606661554604
28.6,0.5438590902169115,0.6543985202521033,-0.09364105029863987,0.5438590902169115
28.65,0.5908688848593072,0.6895638983365553,-0.022501644704639334,0.5908688848593072
28.7,0.8171032022537323,0.7204722704027149,0.053676895230026396,0.8171032022537323
28.75,0.9240815590671936,0.746931960514829,0.11928112150863705,0.9240815590671936
28.8,0.9916211042337553,0.7687787695596485,0.1607148401556679,0.9916211042337553
28.85,0.85534016019994,0.7858770502219248,0.16932304374493765,0.85534016019994
28.9,0.9889867869774198,0.7981205863624539,0.14327536138381095,0.9889867869774198
28.95,0.8148868485585185,0.8054332599517465,0.08799497522875531,0.8148868485585185
29.0,0.8424514094002141,0.8077694993635478,0.015049192797262639,0.8424514094002141
29.05,0.7639264586984897,0.8051145129756441,-0.06025567520876143,0.7639264586984897
29.1,0.6696028275057249,0.7974843199420383,-0.12207537179360022,0.6696028275057249
29.15,0.6811162207632269,0.7849255946951234,-0.15737251041432765,0.6811162207632269
29.2,0.6473443565432115,0.7675153426919772,-0.158719741208875,0.6473443565432115
29.25,0.6193341126367726,0.745360422182852,-0.12596445049021074,0.6193341126367726
29.3,0.6376126174480958,0.7185969210810639,-0.06636180750474367,0.6376126174480958
29.35,0.6329075635737442,0.6873893905963009,0.006918308710785196,0.6329075635737442
29.4,0.8310390649098861,0.6519299295769202,0.07765178803944559,0.8310390649098861
29.45,0.6984526177414943,0.6124371070468425,0.1301908021817353,0.6984526177414943
29.5,0.7804629988098837,0.5691547070292852,0.15303562303402177,0.7804629988098837
29.55,0.7435800759064877,0.5223502809890349,0.14148211412912787,0.7435800759064877
29.6,0.6387500546040564,0.472313499522923,0.09867568044739898,0.6387500546040564
29.65,0.37431599257566167,0.4193543053437522,0.03479656323504656,0.37431599257566167
29.7,0.29603348917279093,0.36380088215950995,-0.035413130348956316,0.29603348917279093
29.75,0.27439235769553844,0.305997465915249,-0.0961403629938949,0.27439235769553844
29.8,0.10147772411287247,0.24630203307034615,-0.13412960229209853,0.10147772411287247
29.85,0.05599293268869984,0.18508390356941185,-0.14158078305197053,0.05599293268869984
29.9,0.06344931765294048,0.12272129437051552,-0.1176845457658953,0.06344931765294048
29.95,-0.02894032403045931,0.059598854197832875,-0.0685293328670472,-0.02894032403045931
30.0,-0.01158316241149444,-0.003894797012488957,-0.005504042518748221,-0.01158316241149444
30.05,-0.01642828472707454,-0.06736950825909137,0.05736164270475532,-0.01642828472707454
30.1,-0.043870515614820776,-0.13043600834228106,0.1064885158812599,-0.043870515614820776
30.15,0.006473134894534438,-0.1927082832768307,0.13160122719588946,0.006473134894534438
30.2,-0.1648521318427181,-0.2538059177162895,0.1277735984053508,-0.1648521318427181
30.25,-0.28781720827527074,-0.31335639601278187,0.09629857187926259,-0.28781720827527074
30.3,-0.2779274050446266,-0.37099735377277954,0.04427102424430565,-0.2779274050446266
30.35,-0.4448101025214648,-0.42637876476318126,-0.016977930111546746,-0.4448101025214648
30.4,-0.5551017214113073,-0.4791650427589949,-0.07425728250807755,-0.5551017214113073
30.45,-0.6496116134158908,-0.529037034725593,-0.11523832238788297,-0.6496116134158908
30.5,-0.750575861264122,-0.5756938813004273,-0.13100708735499245,-0.750575861264122
30.55,-0.6210508359215544,-0.6188547234336136,-0.1179587064783186,-0.6210508359215544
30.6,-0.7754196399224359,-0.6582602403003569,-0.07865126056047651,-0.7754196399224359
30.65,-0.7346293243855614,-0.6936740121025156,-0.02141200260549297,-0.7346293243855614
30.7,-0.6962242315092418,-0.7248837102713991,0.04128749955228583,-0.6962242315092418
30.75,-0.6114779564718408,-0.7517021252981666,0.09542541060197231,-0.6114779564718408
30.8,-0.6505557411407379,-0.7739680479147033,0.128501268195382,-0.6505557411407379
30.85,-0.6632207653439478,-0.7915470216245573,0.1324342550192143,-0.6632207653439478
30.9,-0.6560407057129282,-0.8043319828572109,0.10560794078304779,-0.6560407057129282
30.95,-0.728874061174828,-0.8122437995439673,0.0535175054275613,-0.728874061174828
31.0,-0.8419966086253328,-0.8152317110538148,-0.012233266848473161,-0.8419966086253328
31.05,-0.8044368004967364,-0.8132736639854429,-0.07644891912392544,-0.8044368004967364
31.1,-0.9922916461958542,-0.8063765311032928,-0.12384404473854006,-0.9922916461958542
31.15,-0.920176948742236,-0.7945761963626368,-0.14271288443586758,-0.920176948742236
31.2,-0.868470897416801,-0.7779374885777398,-0.127858682648534,-0.868470897416801
31.25,-0.8726155140285771,-0.7565539500185807,-0.08202181901442888,-0.8726155140285771
31.3,-0.7636141865129551,-0.7305474331386614,-0.015403885918772234,-0.7636141865129551
31.35,-0.5238227000677704,-0.7000675269083939,0.0566379020195038,-0.5238227000677704
31.4,-0.6079351529018798,-0.6652908217202083,0.11718422474482387,-0.6079351529018798
31.45,-0.478597708236695,-0.6264200265676658,0.15176366932612628,-0.478597708236695
31.5,-0.4275369450259422,-0.5836829528512123,0.1518042333996077,-0.4275369450259422
31.55,-0.4443118988253238,-0.5373313757180285,0.11669492026206969,-0.4443118988253238
31.6,-0.42253093310396717,-0.48763977755514526,0.05396977776844862,-0.42253093310396717
31.65,-0.46748641386103956,-0.4349039707984698,-0.02242026658352045,-0.46748641386103956
31.7,-0.405355791019923,-0.3794395902662435,-0.09532844021942083,-0.405355791019923
31.75,-0.5673361032994213,-0.32158044044061174,-0.14835668766678656,-0.5673361032994213
31.8,-0.4314609435401339,-0.26167668194391613,-0.16959005157590062,-0.4314609435401339
31.85,-0.37683812405647654,-0.2000928448487299,-0.15424934836428297,-0.37683812405647654
31.9,-0.22862470420123737,-0.1372056646458271,-0.10566667951824575,-0.22862470420123737
31.95,-0.11402627281422838,-0.07340174863029401,-0.03440673105882181,-0.11402627281422838
32.0,0.10524215259002717,-0.00907509374421203,0.044197743060507895,0.10524215259002717
32.05,0.11565580096308206,0.055375511372697715,0.11347539676386326,0.11565580096308206
32.1,0.23327501555782906,0.11954915953846598,0.15901269586623695,0.23327501555782906
32.15,0.3973422499413085,0.18304552995415507,0.1716393053604921,0.3973422499413085
32.2,0.374323642072864,0.24546758344914105,0.14920842916982527,0.374323642072864
32.25,0.4276878582412968,0.3064242125487019,0.09686294296400415,0.4276878582412968
32.3,0.38810759481129886,0.36553281970179374,0.025798116308863316,0.38810759481129886
32.35,0.33483906800750185,0.4224218072435775,-0.049172291200969435,0.33483906800750185
32.4,0.3983463805158233,0.4767329721900661,-0.11271905141673891,0.3983463805158233
32.45,0.43389628333920216,0.5281238055927767,-0.15213334792689795,0.43389628333920216
32.5,0.4119229501156596,0.5762696986363173,-0.1598746414757277,0.4119229501156596
32.55,0.47710506799974933,0.6208660559869867,-0.13503597560523922,0.47710506799974933
32.6,0.5731101629106438,0.6616303120233988,-0.08344226087687151,0.5731101629106438
32.65,0.6495203444141451,0.6983038386177115,-0.01636045141666765,0.6495203444141451
32.7,0.7881047366966808,0.7306537253401408,0.05191952030989497,0.7881047366966808
32.75,0.9392034622364068,0.7584744060232531,0.10712903155035851,0.9392034622364068
32.8,0.958830280422357,0.7815891015314037,0.13803728437803253,0.958830280422357
32.85,0.8719655010908762,0.799851049001869,0.1387843437482696,0.8719655010908762
32.9,0.9283864831287327,0.8131444933160515,0.11003050011429237,0.9283864831287327
32.95,0.82774510498042,0.8213854259661685,0.058694953571458854,0.82774510498042
33.0,0.8847422433262032,0.8245220673583776,-0.003630050619241943,0.8847422433262032
33.05,0.7734838160336416,0.8225350986127976,-0.06322799481253065,0.7734838160336416
33.1,0.6987147655353753,0.8154376568141348,-0.10722031843529377,0.6987147655353753
33.15,0.6188019607277251,0.8032751128746655,-0.12631607602059033,0.6188019607277251
33.2,0.6770673309754435,0.7861246531247126,-0.11676807038375774,0.6770673309754435
33.25,0.7163402208767603,0.7640946839219719,-0.08111997924641665,0.7163402208767603
33.3,0.6647419914361895,0.7373240733420123,-0.027588885537074736,0.6647419914361895
33.35,0.7560604353041785,0.7059812370798555,0.03177474371266465,0.7560604353041785
33.4,0.6955736957100266,0.6702630692807576,0.0837427677900251,0.6955736957100266
33.45,0.7625727455556542,0.6303937147355204,0.1168005738486816,0.7625727455556542
33.5,0.7381521911228994,0.5866231774805005,0.12364571419651664,0.7381521911228994
33.55,0.6071870118481355,0.5392257626293795,0.10275290848548216,0.6071870118481355
33.6,0.5569780688066601,0.48849835312903694,0.05867055793358206,0.5569780688066601
33.65,0.4035900882183931,0.43475853022684463,0.0009959822748008722,0.4035900882183931
33.7,0.33382002797152616,0.3783425540700181,-0.057731609393332065,0.33382002797152616
33.75,0.1264452392090491,0.3196032270509143,-0.1047499723732715,0.1264452392090491
33.8,0.25567710233385,0.2589076657391592,-0.12981443242724527,0.25567710233385
33.85,0.04675292608724936,0.1966350068258863,-0.12738164743287286,0.04675292608724936
33.9,0.04414139409268363,0.13317406879470386,-0.09778668916913083,0.04414139409268363
33.95,-0.03144465478636913,0.06892098522129869,-0.04717367651122188,-0.03144465478636913
34.0,0.01241928102265702,0.0042768189754470555,0.013808889328118358,0.01241928102265702
34.05,0.021612765557724088,-0.060354839922915335,0.07228260834300639,0.021612765557724088
34.1,0.0027715103483060754,-0.12457029543141535,0.11590335540443533,0.0027715103483060754
34.15,-0.011871430300610806,-0.18796819099808254,0.13551253488980286,-0.011871430300610806
34.2,-0.07595666742657936,-0.25015198364700864,0.1270866503485543,-0.07595666742657936
34.25,-0.2728443171729194,-0.3107324452867994,0.09255605513649183,-0.2728443171729194
34.3,-0.3424900266871344,-0.36933018099152976,0.039331104516318355,-0.3424900266871344
34.35,-0.49442822290493155,-0.42557814381036385,-0.021326936907059245,-0.49442822290493155
34.4,-0.5299389557017801,-0.4791241167294974,-0.07670654711062254,-0.5299389557017801
34.45,-0.57639348964955,-0.5296331267531286,-0.11529839873190124,-0.57639348964955
34.5,-0.7008835764111818,-0.576789754371995,-0.12916465385739082,-0.7008835764111818
34.55,-0.83025265968987,-0.6203003034678963,-0.11557033880490972,-0.83025265968987
34.6,-0.6713291161954998,-0.6598948012331962,-0.0775656295809722,-0.6713291161954998
34.65,-0.7525097527698295,-0.6953288045469977,-0.023395261021550397,-0.7525097527698295
34.7,-0.6606072816588836,-0.7263849977682013,0.03517335640665124,-0.6606072816588836
34.75,-0.7182522200895408,-0.7528745754374443,0.08529804834371225,-0.7182522200895408
34.8,-0.6724217952825615,-0.7746384099176239,0.11581058676530681,-0.6724217952825615
34.85,-0.7049062091786288,-0.7915480074274329,0.1197022557431013,-0.7049062091786288
34.9,-0.6808717302971604,-0.8035062562889358,0.09579861027216259,-0.6808717302971604
34.95,-0.7367936127428452,-0.8104479691423966,0.04920723143443569,-0.7367936127428452
35.0,-0.856915572294487,-0.8123402171532637,-0.009638245786903456,-0.856915572294487
35.05,-0.8860307212093488,-0.8091824498885414,-0.067202404557481,-0.8860307212093488
35.1,-0.9154073082179291,-0.8010063911048195,-0.10988922754049317,-0.9154073082179291
35.15,-0.9576274075597628,-0.7878756998939244,-0.1272171014865273,-0.9576274075597628
35.2,-0.858043232096925,-0.7698853895586467,-0.11437206830461132,-0.858043232096925
35.25,-0.8562102451469467,-0.7471610031156717,-0.0735019648270816,-0.8562102451469467
35.3,-0.7263161763746303,-0.7198575532698334,-0.01339979367245057,-0.7263161763746303
35.35,-0.6237372002483828,-0.6881582443225343,0.052392152454522826,-0.6237372002483828
35.4,-0.5227626388292974,-0.6522730018563833,0.10864186605557216,-0.5227626388292974
35.45,-0.5216138372320915,-0.6124368414553092,0.1419477939117766,-0.5216138372320915
35.5,-0.4418965070649548,-0.5689081090519096,0.1438972401686764,-0.4418965070649548
35.55,-0.3395355243062595,-0.5219666226496686,0.11311685006815712,-0.3395355243062595
35.6,-0.4831939369110365,-0.4719117390648878,0.055719716304517046,-0.4831939369110365
35.65,-0.38798198640578124,-0.4190603613479245,-0.015978786404113505,-0.38798198640578124
35.7,-0.46770064661763555,-0.36374489422273065,-0.08620090579558892,-0.46770064661763555
35.75,-0.42277524120378707,-0.3063111480371652,-0.13927999003310315,-0.42277524120378707
35.8,-0.42301405071622605,-0.24711618805554528,-0.16324033351516382,-0.42301405071622605
35.85,-0.3088777591281258,-0.18652612636404178,-0.15254557894702467,-0.3088777591281258
35.9,-0.29125633434153847,-0.1249138580840679,-0.10936783271927264,-0.29125633434153847
35.95,-0.07755837175417452,-0.06265675104237481,-0.04307807999417842,-0.07755837175417452
36.0,0.020396538264506523,-0.00013430695207429497,0.03191654763586285,0.020396538264506523
36.05,0.21924345344847285,0.062274179466117296,0.0994661256092655,0.21924345344847285
36.1,0.23760413912143008,0.12419193126284678,0.14531274397448357,0.23760413912143008
36.15,0.323016688922282,0.18524693641479326,0.16021182173073098,0.323016688922282
36.2,0.4094222341504198,0.24507410141770933,0.14183360769589826,0.4094222341504198
36.25,0.42900790566838853,0.3033172891098585,0.09505349146351157,0.42900790566838853
36.3,0.35283936246548864,0.3596312287843899,0.03063233621661822,0.35283936246548864
36.35,0.34652324854445005,0.41368329772369344,-0.03734072737763087,0.34652324854445005
36.4,0.3560538911060758,0.4651551832992498,-0.09460800833587944,0.3560538911060758
36.45,0.3873885998719244,0.5137444416796746,-0.12977506813758072,0.3873885998719244
36.5,0.42993974173993577,0.5591659715124929,-0.13656824465539913,0.42993974173993577
36.55,0.4896536317459752,0.6011534186057548,-0.1148945890258243,0.4896536317459752
36.6,0.5993712705288301,0.6394605217654317,-0.07056927547928184,0.5993712705288301
36.65,0.6149636972775389,0.6738624021687613,-0.01385379422125224,0.6149636972775389
36.7,0.7226259835025687,0.7041567905976621,0.042836670970109056,0.7226259835025687
36.75,0.7516704209762727,0.7301651798851551,0.08757009979084093,0.7516704209762727
36.8,0.8862310435349892,0.7517338849600385,0.11135267172042904,0.8862310435349892
36.85,0.8894573905531097,0.7687349904560624,0.10991983188715039,0.8894573905531097
36.9,0.8765778679881472,0.7810671663828708,0.08450615262256744,0.8765778679881472
36.95,0.8671174387882243,0.7886563359797986,0.04143731774509709,0.8671174387882243
37.0,0.7522321631973157,0.7914561860009596,-0.009361674267349632,0.7522321631973157
37.05,0.66401898431285,0.7894485167943568,-0.056601171724004126,0.66401898431285
37.1,0.6782191162924133,0.7826434355927414,-0.09009073934022982,0.6782191162924133
37.15,0.7321091407307144,0.7710793995862332,-0.10287681544253263,0.7321091407307144
37.2,0.6681191513516163,0.7548231148117076,-0.09260159538497685,0.6681191513516163
37.25,0.6052774076828408,0.7339692934344086,-0.061838228713168894,0.6052774076828408
37.3,0.7333090386041915,0.7086402672572245,-0.017398994895800372,0.7333090386041915
37.35,0.7873579058427201,0.678985450584853,0.031175878317197786,0.7873579058427201
37.4,0.6621416063922947,0.6451806417800118,0.07360028791713039,0.6621416063922947
37.45,0.7423819016608743,0.6074271511308255,0.10089344983004442,0.7423819016608743
37.5,0.6059394983427467,0.5659507440711707,0.10712789641162627,0.6059394983427467
37.55,0.6271443237104214,0.5210003933142414,0.09058665940238744,0.6271443237104214
37.6,0.5879463373136289,0.4728468400229489,0.05414808401605343,0.5879463373136289
37.65,0.39910426928006515,0.4217809716762211,0.004827170698129745,0.39910426928006515
37.7,0.34384229514371567,0.3681120320546931,-0.047479396088813235,0.34384229514371567
37.75,0.19864242254327338,0.3121656858859931,-0.09186650544717959,0.19864242254327338
37.8,0.15965881032808923,0.25428196584121737,-0.11860386232691988,0.15965881032808923
37.85,0.08620718286736996,0.19481313150727927,-0.12122272566453093,0.08620718286736996
37.9,0.02779105804802779,0.13412146830064683,-0.09806809331485969,0.02779105804802779
37.95,-0.06067771882286632,0.07257704968886007,-0.05293696146168135,-0.06067771882286632
38.0,0.07665629155635398,0.010555479678247949,0.005421702595016924,0.07665629155635398
38.05,3.804264339177764e-05,-0.05156437447712282,0.0649355777571399,3.804264339177764e-05
38.1,0.04641067134746511,-0.1134026555262302,0.11269025332848794,0.04641067134746511
38.15,-0.11272855266594012,-0.17458079513118538,0.13775906019737277,-0.11272855266594012
38.2,-0.13836856421169708,-0.23472379781276187,0.13375515444316505,-0.13836856421169708
38.25,-0.1837854865899713,-0.2934625253709893,0.10050006305556645,-0.1837854865899713
38.3,-0.3047694493273766,-0.3504359711338032,0.044364930739569895,-0.3047694493273766
38.35,-0.38514507761947553,-0.4052935067364929,-0.022883764303715554,-0.38514507761947553
38.4,-0.5730721783663605,-0.45769707802769694,-0.0865605156203963,-0.5730721783663605
38.45,-0.6715060513113029,-0.5073233221361998,-0.13234776286358904,-0.6715060513113029
38.5,-0.7064695267815537,-0.5538655760285057,-0.14963812210432872,-0.7064695267815537
38.55,-0.7400094932577065,-0.5970357492610443,-0.1341105314944563,-0.7400094932577065
38.6,-0.7212881526846335,-0.6365660403073216,-0.088871795617887,-0.7212881526846335
38.65,-0.7222424203216624,-0.672210485608137,-0.023838690309076073,-0.7222424203216624
38.7,-0.6481559115538513,-0.7037463412104348,0.04651995180129184,-0.6481559115538513
38.75,-0.6788908062813923,-0.7309753063545072,0.1065388229511978,-0.6788908062813923
38.8,-0.47875682518317697,-0.7537246049445548,0.14298216562436333,-0.47875682518317697
38.85,-0.6376999981639303,-0.7718479433055009,0.14804680493390315,-0.6376999981639303
38.9,-0.647713905369928,-0.7852263603024736,0.12102322825678621,-0.647713905369928
38.95,-0.810035169142119,-0.7937689789932068,0.06826208998487228,-0.810035169142119
39.0,-0.7753514190839298,-0.7974136591968679,0.0015389208272033356,-0.7753514190839298
39.05,-0.8353158497134143,-0.7961275405723092,-0.06470437592625054,-0.8353158497134143
39.1,-0.8578297387705568,-0.78990745857065,-0.11654233391265398,-0.8578297387705568
39.15,-0.9317346515508383,-0.7787802120348264,-0.14345247118966617,-0.9317346515508383
39.2,-0.9365982117730262,-0.7628026611751307,-0.140328442186122,-0.9365982117730262
39.25,-0.8306988360504259,-0.7420616379174425,-0.10828620158873055,-0.8306988360504259
39.3,-0.7427930903617774,-0.7166736569932385,-0.05420584004029826,-0.7427930903617774
39.35,-0.6345057036571194,-0.6867844247021948,0.010799536111257942,-0.6345057036571194
39.4,-0.591527023089179,-0.6525681510191825,0.0736234839048975,-0.591527023089179
39.45,-0.444316647576386,-0.6142266773005542,0.12167599192268655,-0.444316647576386
39.5,-0.5673922391096654,-0.5719884347811893,0.14523824127911958,-0.5673922391096654
39.55,-0.3663041583818592,-0.5261072481944821,0.13930120835701543,-0.3663041583818592
39.6,-0.38161003845384484,-0.47686099510097046,0.10460541007858128,-0.38161003845384484
39.65,-0.31233366125078843,-0.42455012617413057,0.04768212863290426,-0.31233366125078843
39.7,-0.4088220215019137,-0.3694960457688873,-0.020193945761140336,-0.4088220215019137
39.75,-0.38739614334514116,-0.312039346312862,-0.08506493198080987,-0.38739614334514116
39.8,-0.41612627706473276,-0.25253788556336554,-0.13306760509663965,-0.41612627706473276
39.85,-0.39856442802548847,-0.19136469431951814,-0.153413704612033,-0.39856442802548847
39.9,-0.2498929969961711,-0.12890570524473752,-0.14092058759166073,-0.2498929969961711
39.95,-0.1434796999682505,-0.06555730126714923,-0.09745740609564632,-0.1434796999682505
40.0,-0.08488482434933875,-0.0017236932970725715,-0.03186716787868848,-0.08488482434933875
40.05,0.05644063329596956,0.062185850582439334,0.04173739205723807,0.05644063329596956
40.1,0.25242927788747266,0.1257598910684328,0.10700710251433293,0.25242927788747266
40.15,0.41000011565204175,0.18858777696375548,0.149063123844872,0.41000011565204175
40.2,0.3254097218524856,0.25026263175829355,0.1580049299812451,0.3254097218524856
40.25,0.4908833113250445,0.3103843219864858,0.13134855510703267,0.4908833113250445
40.3,0.39939638741187317,0.3685623674164563,0.07476022495652472,0.39939638741187317
40.35,0.44002924363358636,0.424418761862604,0.0008632676544084147,0.44002924363358636
40.4,0.46555488235019404,0.477590682864196,-0.07362623946710756,0.46555488235019404
40.45,0.32363686541693526,0.5277330765301591,-0.1317624664442162,0.32363686541693526
40.5,0.4272667290064617,0.5745211090951309,-0.1603072595319422,0.4272667290064617
40.55,0.5057347665178442,0.617652478228859,-0.1527959667354086,0.5057347665178442
40.6,0.5565816308581557,0.6568495745857252,-0.11100137001148398,0.5565816308581557
40.65,0.6685384482158969,0.6918614783386409,-0.04446261438615315,0.6685384482158969
40.7,0.6827763052866493,0.7224657685490798,0.03178198566202745,0.6827763052866493
40.75,0.8899884533140937,0.7484701174076571,0.10069376922596622,0.8899884533140937
40.8,1.008788403662211,0.7697136382152846,0.14712062815842156,1.008788403662211
40.85,0.9137110994197505,0.7860679566002625,0.16115802215602415,0.9137110994197505
40.9,0.9255629085993442,0.7974379798361233,0.14022408524516558,0.9255629085993442
40.95,0.9212452827645494,0.8037623492535116,0.08942534835925506,0.9212452827645494
41.0,0.7705238649713829,0.805013573926859,0.020211873617301493,0.7705238649713829
41.05,0.736218828235896,0.8011978573147992,-0.05229008691710179,0.736218828235896
41.1,0.7365255836335309,0.7923546398821897,-0.11261791491758803,0.7365255836335309
41.15,0.6572608171771749,0.7785558883311385,-0.14824424000323966,0.6572608171771749
41.2,0.581482551365145,0.7599051652605373,-0.1521122105653469,0.581482551365145
41.25,0.5569996087665621,0.7365365121002658,-0.12395931173861112,0.5569996087665621
41.3,0.6621622415032717,0.7086131736755487,-0.07021593078907094,0.6621622415032717
41.35,0.6172005331461425,0.6763261855028732,-0.0025480189452657407,0.6172005331461425
41.4,0.8249474304081846,0.6398928362682316,0.0646267723553666,0.8249474304081846
41.45,0.6655135748314818,0.5995550101710112,0.11713121639770764,0.6655135748314818
41.5,0.6847861730711824,0.5555774093338507,0.1439315536962732,0.6847861730711824
41.55,0.5919247911675437,0.5082456565530512,0.13939463027732008,0.5919247911675437
41.6,0.5522130026943138,0.45786428280949854,0.10447820622717506,0.5522130026943138
41.65,0.4608754107809392,0.4047546104526799,0.046624477090867956,0.4608754107809392
41.7,0.3465177044719469,0.3492525500170675,-0.021657774393793516,0.3465177044719469
41.75,0.1665214553070216,0.2917063349630675,-0.08531117033484643,0.1665214553070216
41.8,0.1424714003849885,0.23247422319259028,-0.1299149711270121,0.1424714003849885
41.85,0.07849605645833879,0.1719221958313193,-0.14492140260556294,0.07849605645833879
41.9,-0.016207301091759982,0.11042168174188491,-0.12623492793328486,-0.016207301091759982
41.95,-0.09533589829043189,0.048347330813158916,-0.07747721148397214,-0.09533589829043189
42.0,-0.062028830558770745,-0.013925148622704072,-0.009503219913199986,-0.062028830558770745
42.05,-0.03181647812939658,-0.0760210816630931,0.06188350647899634,-0.03181647812939658
42.1,0.002791168638380476,-0.13756885005698685,0.1195960752347352,0.002791168638380476
42.15,-0.062197520679552136,-0.19820185564663,0.14945813343958755,-0.062197520679552136
42.2,-0.012930530726866452,-0.2575604359199834,0.14383874306839656,-0.012930530726866452
42.25,-0.22264680199883247,-0.3152937416468863,0.1037130372072947,-0.22264680199883247
42.3,-0.297269259489235,-0.37106158006809015,0.03852720887504076,-0.297269259489235
42.35,-0.507680485422833,-0.42453621775781974,-0.03614288507100289,-0.507680485422833
42.4,-0.6440184961503785,-0.47540412776528906,-0.10251408594812622,-0.6440184961503785
42.45,-0.6846347753736765,-0.5233676588940732,-0.14502329905514316,-0.6846347753736765
42.5,-0.7001390567681719,-0.5681466032016057,-0.15406777148767373,-0.7001390567681719
42.55,-0.7067103578926462,-0.6094796415476995,-0.1281117189902564,-0.7067103578926462
42.6,-0.7311423465342933,-0.6471256549732722,-0.07371835899472015,-0.7311423465342933
42.65,-0.6755281248106456,-0.6808648994262696,-0.0036510266180759168,-0.6755281248106456
42.7,-0.6122499758710129,-0.7105000505415154,0.06633251891072824,-0.6122499758710129
42.75,-0.6128372097985705,-0.7358571321412398,0.1211147661450535,-0.6128372097985705
42.8,-0.5582944631953992,-0.7567863456028063,0.1494134470987031,-0.5582944631953992
42.85,-0.7251864068411711,-0.773162816380357,0.14589516500859007,-0.7251864068411711
42.9,-0.6950468108190199,-0.7848872688156299,0.11190824959850858,-0.6950468108190199
42.95,-0.7241855628934069,-0.7918866322597454,0.054872314834705956,-0.7241855628934069
43.0,-0.8086119695543206,-0.7941145725774228,-0.013398356029970457,-0.8086119695543206
43.05,-0.8438470452639858,-0.7915519351821327,-0.07904665754577377,-0.8438470452639858
43.1,-0.8682873450685016,-0.7842070799389744,-0.12878867845073041,-0.8682873450685016
43.15,-0.9222481060717834,-0.7721160852330278,-0.15240142122085776,-0.9222481060717834
43.2,-0.883111222619062,-0.7553427987701721,-0.14471158794258343,-0.883111222619062
43.25,-0.9228033058841264,-0.7339787164386853,-0.10674322033391355,-0.9228033058841264
43.3,-0.6885575881700615,-0.7081426774316683,-0.045751300567178896,-0.6885575881700615
43.35,-0.6932131303120715,-0.6779803728041072,0.02598416134316216,-0.6932131303120715
43.4,-0.6002481183644373,-0.6436636739945272,0.09349702674167497,-0.6002481183644373
43.45,-0.44488154812318903,-0.6053897954600682,0.14222484846472255,-0.44488154812318903
43.5,-0.3561077697718072,-0.5633803097784488,0.16122604186738018,-0.3561077697718072
43.55,-0.3388093417872141,-0.517880033585391,0.1457806414556715,-0.3388093417872141
43.6,-0.40359740238859004,-0.46915579844357763,0.09869864678629985,-0.40359740238859004
43.65,-0.4682617403871219,-0.41749511288873564,0.02992918569094948,-0.4682617403871219
43.7,-0.3562846993397597,-0.3632047125435718,-0.045525894681308125,-0.3562846993397597
43.75,-0.4061748267841773,-0.30660898732873715,-0.11095630262933938,-0.4061748267841773
43.8,-0.4075207165419798,-0.24804827075127134,-0.15177469436320506,-0.4075207165419798
43.85,-0.4095718804043402,-0.18787697670441642,-0.15892021755158958,-0.4095718804043402
43.9,-0.18552980175681352,-0.1264615738735251,-0.1310006177387618,-0.18552980175681352
43.95,-0.22218905428657695,-0.06417839621105785,-0.07463291244223032,-0.22218905428657695
44.0,-0.013116645469970618,-0.0014112989786348336,-0.0028826248796878988,-0.013116645469970618
44.05,0.15062343249203558,0.06145081838722701,0.0678231081667157,0.15062343249203558
44.1,0.28351160090661387,0.12401659110742023,0.12154957475316253,0.28351160090661387
44.15,0.3456027991931958,0.18589483138307414,0.14653023524978273,0.3456027991931958
44.2,0.34956668071041563,0.2466971941668924,0.1377825148795783,0.34956668071041563
44.25,0.4180435663657615,0.3060408296795479,0.09807527768758462,0.4180435663657615
44.3,0.31071316169394475,0.36355099314441264,0.03708976498292342,0.31071316169394475
44.35,0.3947274683911232,0.41886359080545293,-0.030946903179155497,0.3947274683911232
44.4,0.4581916372377267,0.4716276488799243,-0.09054802845561488,0.4581916372377267
44.45,0.37941843022979643,0.5215076970673246,-0.12841069265521046,0.37941843022979643
44.5,0.3827311274308455,0.5681860600797431,-0.1362763096991106,0.3827311274308455
44.55,0.6039930489901179,0.6113650495990867,-0.11263330914066046,0.6039930489901179
44.6,0.5055225484194699,0.6507690454619652,-0.06294514998124393,0.5055225484194699
44.65,0.7013270972180284,0.6861464493910883,0.0016101518082177596,0.7013270972180284
44.7,0.7562979087662638,0.7172714886535424,0.06660572133959883,0.7562979087662638
44.75,0.8781717838273587,0.7439458423745074,0.11751220418418397,0.8781717838273587
44.8,0.9055725759323472,0.7660000612858352,0.1428580604169787,0.9055725759323472
44.85,0.9458313508842724,0.7832947534397658,0.13672666528147168,0.9458313508842724
44.9,0.8993347984132222,0.7957215142714148,0.10004771986498312,0.8993347984132222
44.95,0.8594617284860872,0.8032035887489545,0.04040036606419311,0.8594617284860872
45.0,0.7694744649737912,0.805696264616127,-0.029624670950006794,0.7694744649737912
45.05,0.6907992820810317,0.8031870067811456,-0.09513506853200912,0.6907992820810317
45.1,0.6144752012003192,0.7956953515943667,-0.1421167577002835,0.6144752012003192
45.15,0.6067267521182644,0.7832725843778189,-0.16039313261784102,0.6067267521182644
45.2,0.7236994651765479,0.7660012232889511,-0.14574624461851302,0.7236994651765479
45.25,0.6174771390219777,0.7439943278694026,-0.10078673631357452,0.6174771390219777
45.3,0.7119671918726094,0.7173946432348876,-0.034430185889212775,0.7119671918726094
45.35,0.7196328936557398,0.6863735831745784,0.03989311213180087,0.7196328936557398
45.4,0.6924388947980308,0.6511300493187537,0.10694479369620373,0.6924388947980308
45.45,0.7810320139831062,0.6118890800404776,0.15279204018684003,0.7810320139831062
45.5,0.7409182232371655,0.5689003224678107,0.16773155149893837,0.7409182232371655
45.55,0.6590237524321706,0.5224363242681324,0.14842768347298196,0.6590237524321706
45.6,0.5464734713443433,0.4727906486996574,0.09877737968196358,0.5464734713443433
45.65,0.4954133309630608,0.4202758259888094,0.029239821826250297,0.4954133309630608
45.7,0.32666275028469577,0.36522116462172044,-0.04531394872064172,0.32666275028469577
45.75,0.21802150258380731,0.3079704554894715,-0.10882775650782506,0.21802150258380731
45.8,0.021117228828975432,0.24887960823650868,-0.1476653868624888,0.021117228828975432
45.85,0.03247522828005406,0.1883142613792482,-0.1537460427771129,0.03247522828005406
45.9,0.017563147286541285,0.1266474049864166,-0.12642407906380038,0.017563147286541285
45.95,-0.1383031545711878,0.06425704707698049,-0.0726121211335777,-0.1383031545711878
46.0,0.08530246913684082,0.0015239438929831324,-0.005090657608055018,0.08530246913684082
46.05,-0.04458392883235504,-0.06117059778489149,0.06057491383539996,-0.04458392883235504
46.1,0.031757126951518055,-0.12344684868060032,0.10972004960966947,0.031757126951518055
46.15,-0.013798318135052529,-0.18492872491295095,0.13193411233448327,-0.013798318135052529
46.2,-0.14859996549401475,-0.24524580748050678,0.1232669469934632,-0.14859996549401475
46.25,-0.28569194436568396,-0.3040353224727148,0.08681965170247273,-0.28569194436568396
46.3,-0.3494327208398514,-0.3609440850613092,0.03169772004011125,-0.3494327208398514
46.35,-0.4666767387377421,-0.41563040317525674,-0.02929141032834799,-0.4666767387377421
46.4,-0.5223472398575312,-0.4677659309046863,-0.08256803485374456,-0.5223472398575312
46.45,-0.5317528707093016,-0.5170374584531584,-0.1166588575576894,-0.5317528707093016
46.5,-0.7113156507107244,-0.5631486249457005,-0.12445681996079772,-0.7113156507107244
46.55,-0.739988009832928,-0.6058215420313664,-0.10449087979799004,-0.739988009832928
46.6,-0.7176041993955594,-0.6447983195232064,-0.06105138451330223,-0.7176041993955594
46.65,-0.6536889146700879,-0.679842489132326,-0.003218879042429674,-0.6536889146700879
46.7,-0.62997519403793,-0.7107403281542614,0.056981645432008385,-0.62997519403793
46.75,-0.575177231842975,-0.7373020901601169,0.10694670974908266,-0.575177231842975
46.8,-0.6326758154861812,-0.759363152151324,0.13595426743054884,-0.6326758154861812
46.85,-0.6356599304677318,-0.7767850858240566,0.1372896239514571,-0.6356599304677318
46.9,-0.7384288455812011,-0.7894566546562481,0.1096695503197653,-0.7384288455812011
46.95,-0.7187344149837842,-0.7972947298961601,0.057699748501394955,-0.7187344149837842
47.0,-0.7886867290935966,-0.8002451092003442,-0.008767804440134648,-0.7886867290935966
47.05,-0.89087721708511,-0.7982832134553159,-0.07635233108907774,-0.89087721708511
47.1,-0.777772882761911,-0.7914146314594861,-0.13072116993171354,-0.777772882761911
47.15,-1.0157769298168986,-0.7796754793971773,-0.15960223296529413,-1.0157769298168986
47.2,-0.9770860032295118,-0.7631325428853176,-0.1556272071702438,-0.9770860032295118
47.25,-0.8703669983740174,-0.7418831741476845,-0.11832197492941567,-0.8703669983740174
47.3,-0.7581712738798142,-0.7160549256804061,-0.054656606866872064,-0.7581712738798142
47.35,-0.6946206537149289,-0.6858049138176634,0.02213922403397862,-0.6946206537149289
47.4,-0.6155880194526363,-0.6513189185952251,0.09535695914003708,-0.6155880194526363
47.45,-0.428335051746807,-0.6128102373414466,0.14860049429240071,-0.428335051746807
47.5,-0.36823039887105313,-0.5705183165255595,0.16968123408427968,-0.36823039887105313
47.55,-0.40398146064671514,-0.5247071887882361,0.1536224865312383,-0.40398146064671514
47.6,-0.4370726044657096,-0.47566373974227233,0.10396954345181456,-0.4370726044657096
47.65,-0.37139598296296117,-0.42369582306836745,0.0320294448241964,-0.37139598296296117
47.7,-0.42116299520171563,-0.36913023497637404,-0.04579285290391455,-0.42116299520171563
47.75,-0.4024791798524709,-0.31231055292978804,-0.11189604171362454,-0.4024791798524709
47.8,-0.4465071728404953,-0.2535948403632887,-0.1516382713326494,-0.4465071728404953
47.85,-0.38382122582841116,-0.19335321966289992,-0.1567086740913388,-0.38382122582841116
47.9,-0.27914637829955014,-0.13196532020327664,-0.12689573113551608,-0.27914637829955014
47.95,-0.142216822657527,-0.06981761654207749,-0.06986848453449444,-0.142216822657527
48.0,0.06756688090181003,-0.007300682694459258,0.0008861702363046111,0.06756688090181003
48.05,0.1513289251283481,0.05519360068537889,0.06936263416464959,0.1513289251283481
48.1,0.28380346123210076,0.11727484129791398,0.12069920401928645,0.28380346123210076
48.15,0.2846627266873821,0.17855688437979989,0.14432859363832795,0.2846627266873821
48.2,0.3965402801375088,0.23866047068378937,0.1359702291150158,0.3965402801375088
48.25,0.3524286072104734,0.2972157651662335,0.09817296340616814,0.3524286072104734
48.3,0.3889511063342641,0.3538647284182536,0.039468590769318815,0.3889511063342641
48.35,0.39674114393412196,0.4082633138414032,-0.027549565627276736,0.39674114393412196
48.4,0.4793449237152332,0.46008348365938245,-0.08878447883778512,0.4793449237152332
48.45,0.32883762406977657,0.5090150448553268,-0.1313704042756783,0.32883762406977657
48.5,0.4964557367674942,0.5547673114047368,-0.1461559023294739,0.4964557367674942
48.55,0.45807034106716227,0.5970706014664449,-0.12954842037421344,0.45807034106716227
48.6,0.5781332241189351,0.6356775774102464,-0.08438916023464273,0.5781332241189351
48.65,0.6346806343481542,0.670364433159083,-0.01962452159954676,0.6346806343481542
48.7,0.651612789592608,0.700931928541909,0.05128895819312672,0.651612789592608
48.75,0.8011374173744431,0.7272062656970413,0.1130612262608381,0.8011374173744431
48.8,1.0169587694696505,0.7490397992515236,0.15185575286067976,1.0169587694696505
48.85,0.9242733652846974,0.7663115710992282,0.15847697611665537,0.9242733652846974
48.9,0.9063716766346639,0.7789276633399144,0.1306647781736185,0.9063716766346639
48.95,0.8949194377145978,0.7868213700239046,0.07385087591366575,0.8949194377145978
49.0,0.7398558681354404,0.789953198671787,0.00010034580015339417,0.7398558681354404
49.05,0.653215664287558,0.7883107232652137,-0.07455757043130423,0.653215664287558
49.1,0.5920745212545188,0.7819083184337784,-0.1337679644865612,0.5920745212545188
49.15,0.593981925737593,0.7707868076419695,-0.164562939592869,0.593981925737593
49.2,0.6558410652226665,0.7550130552936729,-0.16025559967752476,0.6558410652226665
49.25,0.602041396923719,0.7346795244106012,-0.12186226985093021,0.602041396923719
49.3,0.6458277150250973,0.7099038099973972,-0.05778363387961444,0.6458277150250973
49.35,0.6700433134358078,0.6808281459276689,0.018116645225009307,0.6700433134358078
49.4,0.7512818487845372,0.6476188721267939,0.08956246575945383,0.7512818487845372
49.45,0.706082929601635,0.6104658402897076,0.1413649331409041,0.706082929601635
49.5,0.726939089446027,0.5695817314535478,0.1626321143153424,0.726939089446027
49.55,0.6719086548589602,0.5252012582573087,0.14903405667623665,0.6719086548589602
49.6,0.6477276285829806,0.47758022868220074,0.10367182700259642,0.6477276285829806
49.65,0.4574507280659183,0.4269944556297515,0.03638432532081262,0.4574507280659183
49.7,0.35819016931454595,0.3737385064664172,-0.03835541071234438,0.35819016931454595
49.75,0.16604236585886287,0.3181242968011548,-0.10451012022067355,0.16604236585886287
49.8,0.08864848230788352,0.2604795410129192,-0.14786678824200164,0.08864848230788352
49.85,0.1234863004068544,0.20114607632997294,-0.15903343444811194,0.1234863004068544
49.9,0.029131020890020044,0.14047807668414816,-0.1354277183010702,0.029131020890020044
49.95,0.004576353387642453,0.07884016799456992,-0.08186026911955184,0.004576353387642453
50.0,0.054871133779707114,0.016605450125126372,-0.009600136096452008,0.054871133779707114
50.05,-0.003308388491306444,-0.04584657527840468,0.0659010066205107,-0.003308388491306444
50.1,0.017140893793021077,-0.1081321759524528,0.1281978546213146,0.017140893793021077
50.15,0.007042561997965491,-0.16986566511585544,0.1633414673023338,0.007042561997965491
50.2,-0.1281404823005185,-0.2306617857783242,0.16296793276811414,-0.1281404823005185
50.25,-0.07749634566837951,-0.29013820010205643,0.12631335989862794,-0.07749634566837951
50.3,-0.26245481207819205,-0.34791807116807766,0.060650769288809706,-0.26245481207819205
50.35,-0.4524688781363201,-0.40363271321736305,-0.020053968788219113,-0.4524688781363201
50.4,-0.5590382879430964,-0.4569242750866123,-0.09807644883008869,-0.5590382879430964
50.45,-0.5673459998116328,-0.5074484123101753,-0.15586755406516536,-0.5673459998116328
50.5,-0.803258477375996,-0.5548768983983289,-0.18010138152299338,-0.803258477375996
50.55,-0.8574909563713278,-0.5989001263160989,-0.16486084846410065,-0.8574909563713278
50.6,-0.761154391724355,-0.6392294570539376,-0.11314550046222076,-0.761154391724355
50.65,-0.6698520725207431,-0.6755993825749175,-0.03627966190521008,-0.6698520725207431
50.7,-0.6357806701782374,-0.7077694837220742,0.04866815581851944,-0.6357806701782374
50.75,-0.5609486889647576,-0.735526176862108,0.12282591572276967,-0.5609486889647576
50.8,-0.6388446747738791,-0.7586842525938386,0.16984835649850774,-0.6388446747738791
50.85,-0.6384930015006951,-0.7770882136774614,0.1795976726865923,-0.6384930015006951
50.9,-0.6961674877967421,-0.7906134176813995,0.15033646098443362,-0.6961674877967421
50.95,-0.6629237409397141,-0.7991670245222997,0.08898168640736852,-0.6629237409397141
51.0,-0.8111426961408897,-0.802688742248998,0.00942455181753977,-0.8111426961408897
51.05,-0.8720492643731581,-0.8011513577932979,-0.07065822335287067,-0.8720492643731581
51.1,-0.8657765547016439,-0.7945610342991445,-0.1337669379878356,-0.8657765547016439
51.15,-1.029140915701921,-0.7829573543963905,-0.1664322128689292,-1.029140915701921
51.2,-0.8842904221579844,-0.7664130906108669,-0.16211383827822096,-0.8842904221579844
51.25,-0.8961601764683251,-0.7450336904507763,-0.12251822815674614,-0.8961601764683251
51.3,-0.7846560065183975,-0.7189564739453758,-0.05706442573229344,-0.7846560065183975
51.35,-0.6519928219207468,-0.6883495538522468,0.019352068491746005,-0.6519928219207468
51.4,-0.5563649358202364,-0.6534105010253881,0.08976347388780334,-0.5563649358202364
51.45,-0.42314338284284814,-0.6143647871447013,0.1389103976691011,-0.42314338284284814
51.5,-0.4803173661630361,-0.5714640423048749,0.1565407882812674,-0.4803173661630361
51.55,-0.3271819360653429,-0.5249841650094749,0.13950667848122414,-0.3271819360653429
51.6,-0.3910185542405226,-0.47522331738554086,0.0922391406909539,-0.3910185542405226
51.65,-0.33949237321450254,-0.4224998304735392,0.02556402038717719,-0.33949237321450254
51.7,-0.4893464380568103,-0.3671500351790069,-0.04581041658682577,-0.4893464380568103
51.75,-0.42709758557023897,-0.30952602582691285,-0.10653082233125943,-0.42709758557023897
51.8,-0.3391523641715075,-0.24999335723288815,-0.14383902955546674,-0.3391523641715075
51.85,-0.29655352912075594,-0.1889286744051579,-0.15014395366520125,-0.29655352912075594
51.9,-0.2315526101848288,-0.12671727664393476,-0.12444314908143099,-0.2315526101848288
51.95,-0.16958810773386807,-0.06375062357726959,-0.07237433481594766,-0.16958810773386807
52.0,-0.07532662449777439,-0.0004237977905518761,-0.004946834062812945,-0.07532662449777439
52.05,0.17093284464685024,0.06286705405030565,0.06376149061672619,0.17093284464685024
52.1,0.29802307462819666,0.12572727326935199,0.11947723880267319,0.29802307462819666
52.15,0.3646060122251329,0.18776620203504676,0.15061061269503295,0.3646060122251329
52.2,0.35209775929704407,0.24859962466753902,0.15058264663752075,0.35209775929704407
52.25,0.4201565791895818,0.3078521102175306,0.11915920242198862,0.4201565791895818
52.3,0.355923296991162,0.3651592382264736,0.06254831036817003,0.355923296991162
52.35,0.41374274899133306,0.42016970001226384,-0.0077557997741191445,0.41374274899133306
52.4,0.41838216852077315,0.4725472770364209,-0.07718710250333846,0.41838216852077315
52.45,0.46896946463474637,0.5219727042931186,-0.13100882464670624,0.46896946463474637
52.5,0.4110793611844722,0.5681454296470281,-0.15739105757689623,0.4110793611844722
52.55,0.41878333852594984,0.610785279742703,-0.15006667803799045,0.41878333852594984
52.6,0.4909334391683976,0.6496340397330082,-0.1099642494868502,0.4909334391683976
52.65,0.6211560198440469,0.684456947710943,-0.045346863323712405,0.6211560198440469
52.7,0.7311026220526837,0.7150440958940493,0.029727560866900777,0.7311026220526837
52.75,0.8594311773184299,0.7412117209937258,0.098407416751176,0.8594311773184299
52.8,0.9868976416293791,0.7628033584503638,0.144884638152353,0.9868976416293791
52.85,0.875570700442938,0.7796908318100203,0.15816335807394072,0.875570700442938
52.9,0.9346831513555516,0.791775050689437,0.13481013762508975,0.9346831513555516
52.95,0.9076382416573312,0.7989865979854515,0.07995447013181979,0.9076382416573312
53.0,0.7844443222798699,0.8012860972049415,0.006234192573318448,0.7844443222798699
53.05,0.7574812509061697,0.7986643615416893,-0.0691031652604738,0.7574812509061697
53.1,0.6302017602922936,0.7911423355351528,-0.12826205841859395,0.6302017602922936
53.15,0.6643323244611066,0.7787708462204254,-0.15714111731528244,0.6643323244611066
53.2,0.6480486732769797,0.7616301825421625,-0.14871945088266667,0.6480486732769797
53.25,0.5542028754338331,0.7398295193617683,-0.10475839905762296,0.5542028754338331
53.3,0.6984935242582251,0.7135061966589011,-0.03540467253851091,0.6984935242582251
53.35,0.7574927770375568,0.6828248571319224,0.04320312088996763,0.7574927770375568
53.4,0.7949128461803432,0.6479764381690034,0.11273415008421947,0.7949128461803432
53.45,0.780948007812137,0.6091770092271611,0.15694538521834697,0.780948007812137
53.5,0.7458388508541601,0.5666664450634544,0.1654216819656221,0.7458388508541601
53.55,0.5554235208887676,0.5207069298223669,0.13591964383548877,0.5554235208887676
53.6,0.547129753587946,0.47158129563256945,0.0748205725851112,0.547129753587946
53.65,0.4284645182116274,0.41959120971188363,-0.004353693445138205,0.4284645182116274
53.7,0.3104316525448004,0.36505523346635127,-0.08398675066058447,0.3104316525448004
53.75,0.14993848085156775,0.3083067839426633,-0.1462867107333906,0.14993848085156775
53.8,0.10291850490816681,0.24969203138742224,-0.1772259823073469,0.10291850490816681
53.85,0.011056889257175882,0.1895677660598984,-0.16965188386176178,0.011056889257175882
53.9,-0.09929821384289467,0.12829926256142257,-0.124887903239657,-0.09929821384289467
53.95,0.04276687125108329,0.06625816121903619,-0.05246138633349895,0.04276687125108329
54.0,0.032978469535517946,0.003820374841475709,0.031996478052426836,0.032978469535517946
54.05,0.049471240092846036,-0.05863598238370808,0.1102135698671093,0.049471240092846036
54.1,0.07720870550516253,-0.12073265622503833,0.1653150659792841,0.07720870550516253
54.15,-0.001479229245949655,-0.18209332062188077,0.1855143303455798,-0.001479229245949655
54.2,-0.10934880214983098,-0.24234566775758384,0.1666264179390596,-0.10934880214983098
54.25,-0.1539129399924144,-0.3011235279836943,0.11286644744937119,-0.1539129399924144
54.3,-0.2928157264696209,-0.35806901712533223,0.03580410260100968,-0.2928157264696209
54.35,-0.5222999601848082,-0.41283469709082204,-0.04823605192460952,-0.5222999601848082
54.4,-0.5597317954113837,-0.46508572523272224,-0.12171015127867892,-0.5597317954113837
54.45,-0.7058634107787083,-0.51450196062325,-0.1695386159014107,-0.7058634107787083
54.5,-0.7192059709746799,-0.5607799929606435,-0.18216586899974202,-0.7192059709746799
54.55,-0.6880445612971622,-0.6036350627793672,-0.15740400178812783,-0.6880445612971622
54.6,-0.7022814442363043,-0.6428028490304436,-0.100749510940916,-0.7022814442363043
54.65,-0.728602734886781,-0.6780411098218718,-0.02416921610205987,-0.728602734886781
54.7,-0.709931033294568,-0.7091311718192742,0.05637587581043392,-0.709931033294568
54.75,-0.5806120329015851,-0.7358792717696934,0.12419078514863749,-0.5806120329015851
54.8,-0.6254417608399607,-0.7581177588872838,0.16527532695295002,-0.6254417608399607
54.85,-0.5916091352847274,-0.7757061687347117,0.17125183918441583,-0.5916091352847274
54.9,-0.5149353908940492,-0.788532177052526,0.14117757899301683,-0.5149353908940492
54.95,-0.8049064349016515,-0.7965124356018295,0.08181435103700681,-0.8049064349016515
55.0,-0.8628478598622369,-0.7995932825157278,0.00623611126010067,-0.8628478598622369
55.05,-0.8238228866005487,-0.7977513092185977,-0.06897420063596951,-0.8238228866005487
55.1,-0.8575000162557326,-0.7909937578047779,-0.12735095634431495,-0.8575000162557326
55.15,-1.084165087559683,-0.7793587193260316,-0.15619919005857583,-1.084165087559683
55.2,-0.8476835141807356,-0.7629151052676818,-0.14945147112017246,-0.8476835141807356
55.25,-0.8115737414126937,-0.7417623709029018,-0.10906482988272952,-0.8115737414126937
55.3,-0.8442325931641446,-0.7160299792301905,-0.04461137949569423,-0.8442325931641446
55.35,-0.6308787295534721,-0.6858766061741952,0.02887620938016731,-0.6308787295534721
55.4,-0.6040073276382129,-0.6514890993127185,0.09433843427594366,-0.6040073276382129
55.45,-0.49146272417228976,-0.6130812116257663,0.13662700984951406,-0.49146272417228976
55.5,-0.46052458894437087,-0.570892137547322,0.1460319746347186,-0.46052458894437087
55.55,-0.2945005229097823,-0.5251848803871868,0.12055283496453516,-0.2945005229097823
55.6,-0.38259369022826717,-0.4762444779809889,0.06634917875090801,-0.38259369022826717
55.65,-0.49654382059059254,-0.42437610788126634,-0.0037557650422142693,-0.49654382059059254
55.7,-0.4569137227796805,-0.36990308594464083,-0.07335356964933056,-0.4569137227796805
55.75,-0.4065965420751643,-0.31316476521466824,-0.1263386264566348,-0.4065965420751643
55.8,-0.42235604743873906,-0.25451433827987363,-0.15063660415832,-0.42235604743873906
55.85,-0.32521872873663676,-0.1943165472118972,-0.14087665402235774,-0.32521872873663676
55.9,-0.2118583304704884,-0.13294531020400038,-0.09941777923168957,-0.2118583304704884
55.95,-0.021113677295904076,-0.07078128153189826,-0.03557759493143215,-0.021113677295904076
56.0,0.011750447738058535,-0.008209369563194924,0.03664961335677793,0.011750447738058535
56.05,0.15763259369500582,0.0543837558280221,0.10177450182257103,0.15763259369500582
56.1,0.2886268676466386,0.11661213173881196,0.14614130152828173,0.2886268676466386
56.15,0.29354367781358914,0.17809291267630842,0.1606964493627115,0.29354367781358914
56.2,0.4193030325860507,0.23844869378059513,0.14267759086158588,0.4193030325860507
56.25,0.42525023312032656,0.29730972573478665,0.09596638201214483,0.42525023312032656
56.3,0.3777969178522116,0.35431601064151597,0.030124483389862122,0.3777969178522116
56.35,0.2893555583215371,0.4091192793453042,-0.04162766874267284,0.2893555583215371
56.4,0.4030925383134,0.4613848607679478,-0.10505929546822634,0.4030925383134
56.45,0.37727815067984743,0.5107934606254354,-0.14769456708427492,0.37727815067984743
56.5,0.43422451071704443,0.5570428688823714,-0.16119610670342685,0.43422451071704443
56.55,0.43062000489593966,0.5998496124664954,-0.1429533726710431,0.43062000489593966
56.6,0.4356551751036253,0.6389505632581423,-0.09659709069218354,0.4356551751036253
56.65,0.6296204992973427,0.6741045023621758,-0.03133189470482561,0.6296204992973427
56.7,0.8090260282814352,0.7050936310885757,0.03981832894840361,0.8090260282814352
56.75,0.846823741701211,0.731725008397802,0.10254566727202835,0.846823741701211
56.8,0.8744119813044653,0.753831886313694,0.14409472012864816,0.8744119813044653
56.85,0.943352184677213,0.7712749114212134,0.15584375130505862,0.943352184677213
56.9,0.8634775358760879,0.7839431627778332,0.1351160391552348,0.8634775358760879
56.95,0.8669417231308667,0.7917550031167399,0.08585180844758562,0.8669417231308667
57.0,0.7944873708925938,0.7946587290055869,0.017979260491661448,0.7944873708925938
57.05,0.7730718844306076,0.7926330146406932,-0.05444345306082985,0.7730718844306076
57.1,0.7765501120683991,0.7856871515866422,-0.1160141760688833,0.7765501120683991
57.15,0.5820111148363674,0.7738610919931801,-0.15319915010852994,0.5820111148363674
57.2,0.6474500538370799,0.7572253052296497,-0.15733061821251856,0.6474500538370799
57.25,0.5139138623845846,0.7358804572950604,-0.1267145412512453,0.5139138623845846
57.3,0.6994352074682999,0.7099569186429402,-0.06729250519638104,0.6994352074682999
57.35,0.6701730727668563,0.6796140996278364,0.008411201237364253,0.6701730727668563
57.4,0.7808433272513831,0.6450396052841587,0.08392026511421091,0.7808433272513831
57.45,0.7796454039045392,0.6064481952187081,0.14246178603687612,0.7796454039045392
57.5,0.7330073867945086,0.5640805325210589,0.17079786006732942,0.7330073867945086
57.55,0.7356698362663785,0.5182017090353167,0.1623072951124956,0.7356698362663785
57.6,0.5378813547822007,0.46909954279710436,0.11856108344391164,0.5378813547822007
57.65,0.4864220098350462,0.41708265536940275,0.0490046388807114,0.4864220098350462
57.7,0.34482272825506927,0.3624783499191556,-0.03117509134218693,0.34482272825506927
57.75,0.15672217706413905,0.30563032268186435,-0.10448420149950227,0.15672217706413905
57.8,0.10206040712260932,0.24689624883924535,-0.15504814373866077,0.10206040712260932
57.85,0.035908066208833314,0.18664528737428165,-0.17212722735097227,0.035908066208833314
57.9,-0.029136631205570536,0.12525554765260113,-0.1524396394439417,-0.029136631205570536
57.95,-0.0028686861180610423,0.06311155390066155,-0.10080175850486257,-0.0028686861180610423
58.0,-0.06686456880956305,0.0006017340594580869,-0.028978636281434253,-0.06686456880956305
58.05,-0.033046606178683206,-0.061884051192585256,0.0469761352043946,-0.033046606178683206
58.1,0.005174630041728955,-0.12395693317946958,0.11029809319720495,0.005174630041728955
58.15,-0.003497599679231189,-0.18523141484863723,0.14722692135894846,-0.003497599679231189
58.2,-0.1506589801592992,-0.24532770979430218,0.15005093287261984,-0.1506589801592992
58.25,-0.19134302090154265,-0.3038740441560233,0.11881284793452412,-0.19134302090154265
58.3,-0.2729297142716227,-0.3605089198665549,0.06129120808637045,-0.2729297142716227
58.35,-0.4202235901138151,-0.4148833305230181,-0.008759805611909454,-0.4202235901138151
58.4,-0.5126371862792843,-0.46666291387002495,-0.07474900509795818,-0.5126371862792843
58.45,-0.5811041089269622,-0.5155300191611449,-0.12108451260298869,-0.5811041089269622
58.5,-0.6999438836070024,-0.5611856646292606,-0.1368401733411412,-0.6999438836070024
58.55,-0.734732928187544,-0.6033513606230961,-0.11838179813295538,-0.734732928187544
58.6,-0.8004104096329002,-0.6417707777551015,-0.07028779130328162,-0.8004104096329002
58.65,-0.6199193780648617,-0.6762112461765143,-0.004288080267004749,-0.6199193780648617
58.7,-0.5898391914982665,-0.7064650807337491,0.06356034439081851,-0.5898391914982665
58.75,-0.6347820306595501,-0.7323507352291894,0.11677405120691757,-0.6347820306595501
58.8,-0.5328144160621932,-0.7537137946778246,0.14243509098690196,-0.5328144160621932
58.85,-0.6672989879710706,-0.7704278154479219,0.13426411547983352,-0.6672989879710706
58.9,-0.7024608946214835,-0.7823950194753617,0.09402133705129707,-0.7024608946214835
58.95,-0.6983738676623344,-0.7895468418954819,0.030937020186278,-0.6983738676623344
59.0,-0.8879279506513194,-0.7918443236162509,-0.04061335802020135,-0.8879279506513194
59.05,-0.9134057034569918,-0.7892783336762331,-0.10454789568813927,-0.9134057034569918
59.1,-0.9331133155361051,-0.7818696024564237,-0.14675851528708606,-0.9331133155361051
59.15,-0.8566703067926247,-0.7696685472401644,-0.15816851266251108,-0.8566703067926247
59.2,-0.8902560819614054,-0.75275487664417,-0.1365237813370528,-0.8902560819614054
59.25,-0.8341589998406419,-0.7312369691247159,-0.08662117320556867,-0.8341589998406419
59.3,-0.6991808421107188,-0.7052510312331959,-0.019044049690519763,-0.6991808421107188
59.35,-0.6115503061568454,-0.6749600517726355,0.052225205416582265,-0.6115503061568454
59.4,-0.5720916029759495,-0.6405525770227529,0.11276029104467321,-0.5720916029759495
59.45,-0.41405147214119775,-0.6022413383113349,0.15059999650195074,-0.41405147214119775
59.5,-0.4047415337282784,-0.5602617652603654,0.15855549341674924,-0.4047415337282784
59.55,-0.38436712720362753,-0.5148704156844981,0.13550780158826456,-0.38436712720362753
59.6,-0.34053693632995075,-0.4663433468795286,0.08649085638624628,-0.34053693632995075
59.65,-0.40355562720637794,-0.4149744441159217,0.02158148994416639,-0.40355562720637794
59.7,-0.3476440011737053,-0.3610737123089162,-0.04616743275112787,-0.3476440011737053
59.75,-0.4330495174332369,-0.3049655280096801,-0.10334251803666386,-0.4330495174332369
59.8,-0.40719559655831195,-0.24698684272110172,-0.13882497032339852,-0.40719559655831195
59.85,-0.2828558977582203,-0.1874853262855476,-0.1459679360956657,-0.2828558977582203
59.9,-0.24838509457094982,-0.126817441247711,-0.12387063406089738,-0.24838509457094982
59.95,-0.09593201854545959,-0.06534644514347894,-0.07750204056512643,-0.09593201854545959
60.0,-0.05853221654010797,-0.0034403259792921636,-0.016654200090914242,-0.05853221654010797
60.05,0.07613310114230076,0.05853031529377443,0.04606565166441684,0.07613310114230076
60.1,0.27874083614361594,0.12019441434362,0.09780589723516252,0.27874083614361594
60.15,0.370056924771704,0.1811825993595493,0.12808935542910713,0.370056924771704
60.2,0.3399897024624225,0.24112932624446637,0.13094699112003708,0.3399897024624225
60.25,0.32822799789731666,0.2996749688086939,0.10612732490215128,0.32822799789731666
60.3,0.49487960444086604,0.3564678461079648,0.05913307902060129,0.49487960444086604
60.35,0.4402487558501255,0.4111661772234432,7.718564091007728e-05,0.4402487558501255
60.4,0.3532463792827623,0.46343996148072775,-0.05841424174333205,0.3532463792827623
60.45,0.4142910857765783,0.5129727881017434,-0.10383468594405802,0.4142910857765783
60.5,0.5025033456103136,0.5594635827893253,-0.12643383931734214,0.5025033456103136
60.55,0.4503647877358302,0.6026282988701037,-0.12131153530262277,0.4503647877358302
60.6,0.5269964030602873,0.642201557132804,-0.0895182652254237,0.5269964030602873
60.65,0.71249990516559,0.6779382323240892,-0.037903726794236044,0.71249990516559
60.7,0.6702339820703681,0.7096149768292024,0.02228999740050983,0.6702339820703681
60.75,0.8030689770520641,0.73703166483428,0.07782303597956891,0.8030689770520641
60.8,0.9239103580416417,0.7600127347653959,0.11634314126993099,0.9239103580416417
60.85,0.9932992783739605,0.7784084052814876,0.12913373819651294,0.9932992783739605
60.9,0.8731098998025282,0.7920957413001025,0.11310387294006707,0.8731098998025282
60.95,0.8095430942755354,0.800979551661878,0.07155626459946282,0.8095430942755354
61.0,0.8047998422994106,0.8049931081938119,0.013543465977270694,0.8047998422994106
61.05,0.810401517297233,0.8040986847523846,-0.048060766772112795,0.810401517297233
61.1,0.7351117917570571,0.7982879217290458,-0.09936908062163825,0.7351117917570571
61.15,0.6978538208284726,0.7875820253155106,-0.12857439648923083,0.6978538208284726
61.2,0.5788337339568175,0.7720318117683148,-0.1286639228235028,0.5788337339568175
61.25,0.6873293743190122,0.7517176053152693,-0.09913791376477103,0.6873293743190122
61.3,0.6632461338614417,0.7267489941987291,-0.046299715987544655,0.6632461338614417
61.35,0.7158457622636494,0.6972644430769479,0.01801758976994445,0.7158457622636494
61.4,0.779180917733097,0.6634307531334883,0.07906136565515572,0.779180917733097
61.45,0.7205836699443756,0.6254423559439212,0.12254376205283482,0.7205836699443756
61.5,0.71352531865858,0.5835204251814579,0.13801925354860858,0.71352531865858
61.55,0.6530043920693606,0.5379117923029216,0.12143971166343416,0.6530043920693606
61.6,0.6358002578996259,0.4888876580126758,0.07623951540737262,0.6358002578996259
61.65,0.46363112887549407,0.43674209940588665,0.012642218684643708,0.46363112887549407
61.7,0.29390774212541276,0.3817903818896626,-0.05468538408485512,0.29390774212541276
61.75,0.19528932506501825,0.32436709374542705,-0.11008311353936064,0.19528932506501825
61.8,0.09300012754474242,0.2648241276082512,-0.1406087347734143,0.09300012754474242
61.85,0.12356363521265842,0.2035285353777723,-0.13909534222946196,0.12356363521265842
61.9,0.02974021105331256,0.1408602805692045,-0.10581249459756592,0.02974021105331256
61.95,0.06765053508031268,0.0772099060578425,-0.04835263553498793,0.06765053508031268
62.0,0.029994127307666662,0.012976127806492883,0.020191740930386098,0.029994127307666662
62.05,0.013634481476064409,-0.05143664135308544,0.08429109980078923,0.013634481476064409
62.1,0.013277479999955513,-0.11562083798861411,0.12954277554608817,0.013277479999955513
62.15,0.004753570833699816,-0.17916836546310186,0.14590943901454556,0.004753570833699816
62.2,-0.050646624132114994,-0.24167328091537624,0.12990804839971845,-0.050646624132114994
62.25,-0.2856433709941768,-0.30273454407933675,0.08528595869170436,-0.2856433709941768
62.3,-0.3446283025221619,-0.36195881109618666,0.0220776196914502,-0.3446283025221619
62.35,-0.4404967645992414,-0.4189632462662862,-0.04569846403051795,-0.4404967645992414
62.4,-0.5615932441793771,-0.4733783159220628,-0.10315635152275038,-0.5615932441793771
62.45,-0.6447734379574969,-0.5248505233101375,-0.13778009677056766,-0.6447734379574969
62.5,-0.6899388650628603,-0.5730450422325604,-0.142096700111307,-0.6899388650628603
62.55,-0.7877408040523909,-0.6176482099668866,-0.11523992948997269,-0.7877408040523909
62.6,-0.6966194229219598,-0.6583698461061258,-0.06309770145483146,-0.6966194229219598
62.65,-0.6892453586753738,-0.694945372549688,0.0029737178435639603,-0.6892453586753738
62.7,-0.6485414244159278,-0.7271377194636152,0.06859269993324829,-0.6485414244159278
62.75,-0.6308802235499112,-0.7547390106191131,0.11943816753790175,-0.6308802235499112
62.8,-0.6621638283078872,-0.7775720272082717,0.1443307705310881,-0.6621638283078872
62.85,-0.6612113071186629,-0.7954914510307581,0.13766116842126264,-0.6612113071186629
62.9,-0.7706313637811216,-0.8083848860975842,0.10064766758181645,-0.7706313637811216
62.95,-0.7277893534287998,-0.8161736534065713,0.041139502408503496,-0.7277893534287998
63.0,-0.8235023625485535,-0.8188133485231738,-0.02802282295764447,-0.8235023625485535
63.05,-0.9015672674838557,-0.8162941471797905,-0.09177269167925177,-0.9015672674838557
63.1,-0.9660331825534386,-0.8086408415775517,-0.13612922360019847,-0.9660331825534386
63.15,-0.9495163455693074,-0.7959125904358123,-0.1513208760943644,-0.9495163455693074
63.2,-0.960390694607649,-0.7782023699734087,-0.1339903878630509,-0.960390694607649
63.25,-0.8972422692160513,-0.7556361212211772,-0.087940994531536,-0.8972422692160513
63.3,-0.7665202391175195,-0.728371600564902,-0.023230635394878508,-0.7665202391175195
63.35,-0.574506518246254,-0.6965969534188748,0.046162413411072814,-0.574506518246254
63.4,-0.48890762715183556,-0.6605290430153733,0.10551387233308852,-0.48890762715183556
63.45,-0.5245986639261125,-0.6204115747851342,0.14258155940409564,-0.5245986639261125
63.5,-0.43641401877388025,-0.576513059673186,0.15013280939844761,-0.43641401877388025
63.55,-0.4842882685678981,-0.5291246568332602,0.12725234111594513,-0.4842882685678981
63.6,-0.381356217450007,-0.47855792931391133,0.07925118156244347,-0.381356217450007
63.65,-0.3660187075876938,-0.42514253805563706,0.01632236418993969,-0.3660187075876938
63.7,-0.38996561576841127,-0.3692238914681198,-0.048679952977341845,-0.38996561576841127
63.75,-0.4780711211324263,-0.311160760856386,-0.10284719992855984,-0.4780711211324263
63.8,-0.3570343884450606,-0.25132286671176374,-0.13570624098490627,-0.3570343884450606
63.85,-0.3017553029122295,-0.1900884384863327,-0.14115658186384483,-0.3017553029122295
63.9,-0.29424156673600343,-0.1278417518308727,-0.11854343810311245,-0.29424156673600343
63.95,-0.09997975795154031,-0.06497065207582563,-0.07271252310473407,-0.09997975795154031
64.0,0.03599652220555061,-0.001864079464465867,-0.013057300019147617,0.03599652220555061
64.05,0.11136273006195882,0.06109038157509021,0.04827713411262393,0.11136273006195882
64.1,0.13270016919573135,0.12350890182684295,0.09873903955544416,0.13270016919573135
64.15,0.28817371247557905,0.18501372620138548,0.12787016473662136,0.28817371247557905
64.2,0.4107395471509173,0.24523538459510275,0.12950664331999995,0.4107395471509173
64.25,0.4377309178114321,0.30381477154237696,0.1032207230761959,0.4377309178114321
64.3,0.4549080175404959,0.3604050782992423,0.054624896814249556,0.4549080175404959
64.35,0.39322704258948143,0.4146735699310668,-0.005643519156166296,0.39322704258948143
64.4,0.34557603225945505,0.4663032100858601,-0.06414232910155883,0.34557603225945505
64.45,0.40922724147939016,0.5149941452690926,-0.10761040401690733,0.40922724147939016
64.5,0.4506502855146581,0.5604650661828654,-0.12603863687935415,0.4506502855146581
64.55,0.4273432021608299,0.6024544647352379,-0.11507372965631575,0.4273432021608299
64.6,0.545808838761557,0.6407218019976769,-0.07713607705381774,0.545808838761557
64.65,0.6715370621332648,0.6750485960710921,-0.020939544623916753,0.6715370621332648
64.7,0.7384920894244136,0.705239431139328,0.04050030745281848,0.7384920894244136
64.75,0.8136844755628079,0.7311228817000647,0.09289962861294337,0.8136844755628079
64.8,0.8255037670902774,0.7525523408915221,0.12404889547866298,0.8255037670902774
64.85,0.9050606396681125,0.7694067401733253,0.126660058409206,0.9050606396681125
64.9,0.809294704209999,0.7815911493947045,0.10004335394454932,0.809294704209999
64.95,0.8700427671433297,0.7890372506332843,0.05022917865926597,0.8700427671433297
65.0,0.7400947814358713,0.7917036848881984,-0.011474905919290096,0.7400947814358713
65.05,0.7463225965366821,0.7895762763989846,-0.07113266831404104,0.7463225965366821
65.1,0.6425019659074551,0.7826681436850454,-0.11539494170300675,0.6425019659074551
65.15,0.6067264241704151,0.771019708233554,-0.13451985822159454,0.6067264241704151
65.2,0.5922516138822933,0.7546986103788454,-0.12449493399507944,0.5922516138822933
65.25,0.5821974659443789,0.733799537128839,-0.08779068391257167,0.5821974659443789
65.3,0.7114538582972211,0.7084439590407968,-0.03262286291331503,0.7114538582972211
65.35,0.7245624564019261,0.6787797641391182,0.029030288224285564,0.7245624564019261
65.4,0.8163241946657456,0.644980768516805,0.08412383674157728,0.8163241946657456
65.45,0.7119647600813744,0.6072460781582397,0.12130265123858883,0.7119647600813744
65.5,0.600557928523797,0.5657992764181636,0.13313282482272668,0.600557928523797
65.55,0.653172207661239,0.5208874165579732,0.11742514513109473,0.653172207661239
65.6,0.49112320545073285,0.47277980713357276,0.07751044879695829,0.49112320545073285
65.65,0.4657641438228377,0.4217665876528283,0.021522560012529772,0.4657641438228377
65.7,0.34803595701987233,0.36815710125107093,-0.039137861568032624,0.34803595701987233
65.75,0.24987690638584864,0.312278079403315,-0.09192074643869667,0.24987690638584864
65.8,0.11238413035789824,0.2544716602722406,-0.12553134718427106,0.11238413035789824
65.85,0.14072870969002504,0.19509326646129319,-0.13225726923773679,0.14072870969002504
65.9,-0.03131452553539667,0.13450936916885617,-0.1097855399182982,-0.03131452553539667
65.95,-0.04902033445963229,0.07309516402919204,-0.06206672221067174,-0.04902033445963229
66.0,-0.034283736182414905,0.011232179887312512,0.0011132700747685058,-0.034283736182414905
66.05,-0.032444560928546355,-0.050694163669082776,0.06594792830250051,-0.032444560928546355
66.1,0.05773831347357638,-0.11229703977929129,0.11755308313654658,0.05773831347357638
66.15,-0.038129665663737475,-0.17319073254507666,0.14342073893586274,-0.038129665663737475
66.2,-0.01399470806106455,-0.23299318431477087,0.13653727059300239,-0.01399470806106455
66.25,-0.28920609789415475,-0.2913285622604245,0.09732726715676354,-0.28920609789415475
66.3,-0.3936068347654669,-0.34782982651806527,0.03385217566520675,-0.3936068347654669
66.35,-0.4210845320469438,-0.4021412726123785,-0.03985654302297992,-0.4210845320469438
66.4,-0.5958484950324626,-0.4539210129240528,-0.10696020815153232,-0.5958484950324626
66.45,-0.6956568940302931,-0.5028433579766385,-0.15171849291869635,-0.6956568940302931
66.5,-0.7435550530434589,-0.5486010590943489,-0.16320271108593676,-0.7435550530434589
66.55,-0.645631523685524,-0.5909073792155574,-0.13793275745607753,-0.645631523685524
66.6,-0.783933665767471,-0.6294979675778487,-0.08081253587998322,-0.783933665767471
66.65,-0.6917003808894197,-0.6641325251431752,-0.004135757134249527,-0.6917003808894197
66.7,-0.6189356357065579,-0.6945962589017111,0.07512566633806093,-0.6189356357065579
66.75,-0.6619557374116518,-0.7207011326897212,0.13914865284093988,-0.6619557374116518
66.8,-0.5298920226764072,-0.7422869285429561,0.17333815802652655,-0.5298920226764072
66.85,-0.6223838654984034,-0.7592221348763125,0.1697196512803539,-0.6223838654984034
66.9,-0.6295572501646484,-0.7714046754497015,0.12884252050443884,-0.6295572501646484
66.95,-0.7366552003364023,-0.7787624866419056,0.05972284455476993,-0.7366552003364023
67.0,-0.7857510904399793,-0.7812539415722248,-0.02218910763363031,-0.7857510904399793
67.05,-0.9395605455462085,-0.778868110399568,-0.09855590490906957,-0.9395605455462085
67.1,-0.900167084875762,-0.7716248391485778,-0.1523807170630105,-0.900167084875762
67.15,-0.9861861019963533,-0.7595746266063224,-0.1719109105765016,-0.9861861019963533
67.2,-0.8910365229756259,-0.7427982811497774,-0.15329153170739665,-0.8910365229756259
67.25,-0.8321017821746125,-0.7214063464980704,-0.10135238016354506,-0.8321017821746125
67.3,-0.6995617093638088,-0.6955382958421146,-0.02837055369924043,-0.6995617093638088
67.35,-0.617950514637646,-0.665361505297574,0.04886342088553175,-0.617950514637646
67.4,-0.5797439967683006,-0.6310700276422178,0.1129566605448033,-0.5797439967683006
67.45,-0.4891505500337595,-0.5928831938433473,0.14987750220408055,-0.4891505500337595
67.5,-0.34966061876599974,-0.551044072100027,0.15206269375498283,-0.34966061876599974
67.55,-0.4444981531659864,-0.5058178122242344,0.11997831393487103,-0.4444981531659864
67.6,-0.4051248803205154,-0.45748989785821403,0.06181113945897098,-0.4051248803205154
67.65,-0.34692063384548155,-0.4063643213170078,-0.008598326850145386,-0.34692063384548155
67.7,-0.4560536334893853,-0.35276168741066605,-0.07506314439488407,-0.4560536334893853
67.75,-0.5665516262305097,-0.2970172454266805,-0.12279568438745485,-0.5665516262305097
67.8,-0.32606245784972365,-0.23947884430789224,-0.14170113496479664,-0.32606245784972365
67.85,-0.3359810249236155,-0.18050480630073004,-0.12846277378790283,-0.3359810249236155
67.9,-0.16140763335909603,-0.12046171932503894,-0.08698898366168376,-0.16140763335909603
67.95,-0.16363941557208522,-0.059722156553471475,-0.02721331388503327,-0.16363941557208522
68.0,0.034673875737809313,0.001337659461244821,0.03736978204218716,0.034673875737809313
68.05,0.16070978879469197,0.06234022342725719,0.09279059377926685,0.16070978879469197
68.1,0.2343246774858581,0.12290911528893353,0.12758605078977925,0.2343246774858581
68.15,0.30926339581835854,0.18267133870356936,0.1350454485356688,0.30926339581835854
68.2,0.37231582947940933,0.24125960169755772,0.11431397832988333,0.37231582947940933
68.25,0.32833530877206,0.2983145173597442,0.07023913091169931,0.32833530877206
68.3,0.30072699912777423,0.35348671099999873,0.01212116776969886,0.30072699912777423
68.35,0.3313766233033546,0.406438829212212,-0.04827650824959278,0.3313766233033546
68.4,0.4306062742656068,0.4568474536218655,-0.09902132237168589,0.4306062742656068
68.45,0.34133442993073426,0.5044049262100407,-0.13019915231393725,0.34133442993073426
68.5,0.4129461624779509,0.5488210936311801,-0.13567024294660582,0.4129461624779509
68.55,0.4486137897155688,0.5898249754392106,-0.1141635560507859,0.4486137897155688
68.6,0.5492432857329113,0.6271663562108313,-0.06956269035673253,0.5492432857329113
68.65,0.6385651721219454,0.660617294778621,-0.010317314171632161,0.6385651721219454
68.7,0.7354791193155935,0.6899735363154178,0.051985700244991204,0.7354791193155935
68.75,0.814428451366878,0.7150558066230545,0.10472796764931223,0.814428451366878
68.8,0.7810237271427212,0.7357109643645073,0.13673224178138824,0.7810237271427212
68.85,0.8769211747112522,0.7518129870496063,0.14066048642322304,0.8769211747112522
68.9,0.9224567442152709,0.763263770230665,0.11482319472507717,0.9224567442152709
68.95,0.879831180111042,0.7699937258061869,0.06391864936905041,0.879831180111042
69.0,0.6885263990492125,0.7719621737282918,-0.0016083140109905793,0.6885263990492125
69.05,0.6821930421000741,0.7691575307917277,-0.06759675040068147,0.6821930421000741
69.1,0.6547559376806483,0.7615973087571403,-0.11923274144187236,0.6547559376806483
69.15,0.5783941633988984,0.749327939469129,-0.144473002808034,0.5783941633988984
69.2,0.5722734440598041,0.732424445431712,-0.13699942520410407,0.5722734440598041
69.25,0.6109774679065572,0.7109899707840586,-0.09793540532046974,0.6109774679065572
69.3,0.6379947158817656,0.6851551811034853,-0.035828029936321545,0.6379947158817656
69.35,0.6745622379949756,0.6550775325949296,0.0351775731267763,0.6745622379949756
69.4,0.69279472968188,0.6209404038811657,0.09858230284413716,0.69279472968188
69.45,0.7478784051039897,0.5829520786501314,0.1394274165288695,0.7478784051039897
69.5,0.689176217561388,0.5413445661782235,0.1478828994721273,0.689176217561388
69.55,0.6054923612150748,0.4963722497805241,0.12163330894768871,0.6054923612150748
69.6,0.5631004925694524,0.4483103602387674,0.06646224802524697,0.5631004925694524
69.65,0.29130900139874627,0.39745328096068483,-0.005105385862087271,0.29130900139874627
69.7,0.3316790147745982,0.3441127019338474,-0.0767521548639098,0.3316790147745982
69.75,0.07746528219249393,0.28861564806683465,-0.1321666647770495,0.07746528219249393
69.8,0.09539232142604884,0.231302412295112,-0.15876589835782656,0.09539232142604884
69.85,0.05421858694984511,0.17252442391442246,-0.15047359939955593,0.05421858694984511
69.9,-0.003097910747816887,0.11264207828059232,-0.10895507843737211,-0.003097910747816887
69.95,-0.05407987197499585,0.052022546624410256,-0.043099298800081294,-0.05407987197499585
70.0,0.048715006927969,-0.008962423868204021,0.03305503313246595,0.048715006927969
70.05,0.0615446833259609,-0.0699387175894198,0.10342494734823263,0.0615446833259609
70.1,-0.027378447652202154,-0.13053206939972056,0.1533087459610382,-0.027378447652202154
70.15,-0.002705808098849148,-0.19037030078367914,0.17240091764064744,-0.002705808098849148
70.2,-0.1275572122201721,-0.2490855767162664,0.1568032402148827,-0.1275572122201721
70.25,-0.19953176386430066,-0.3063166800129769,0.10968461017332218,-0.19953176386430066
70.3,-0.3524562551870982,-0.36171129062717555,0.0405285388813128,-0.3524562551870982
70.35,-0.5052483061674052,-0.41492824741378675,-0.03682771822473606,-0.5052483061674052
70.4,-0.5682214136161599,-0.46563976139407487,-0.1069572880347758,-0.5682214136161599
70.45,-0.6045208458041302,-0.5135335444630679,-0.1558889826092495,-0.6045208458041302
70.5,-0.7108718894258902,-0.558314816934986,-0.17387937624544234,-0.7108718894258902
70.55,-0.7981638971398416,-0.5997081612262534,-0.15739893484548345,-0.7981638971398416
70.6,-0.8230637897096997,-0.6374591963750725,-0.1099290780934141,-0.8230637897096997
70.65,-0.7429665673834288,-0.6713360580629587,-0.04135140345904359,-0.7429665673834288
70.7,-0.6202368913298135,-0.7011306805336329,0.03402773517577588,-0.6202368913298135
70.75,-0.6495916404965946,-0.7266598887660908,0.10046785243581802,-0.6495916404965946
70.8,-0.5357260976654264,-0.7477663188745711,0.14418014439866642,-0.5357260976654264
70.85,-0.6393845658709852,-0.7643191894693226,0.15634866966858194,-0.6393845658709852
70.9,-0.6341173590317413,-0.7762149456114396,0.135078526126216,-0.6341173590317413
70.95,-0.6975105412226951,-0.7833777908771209,0.08580151545158936,-0.6975105412226951
71.0,-0.8032574106527063,-0.7857601139420369,0.020032074719428312,-0.8032574106527063
71.05,-0.8074914016586339,-0.7833428063856577,-0.04724540819916901,-0.8074914016586339
71.1,-0.8199514920102848,-0.776135460226174,-0.10096040499192457,-0.8199514920102848
71.15,-0.9660399921160753,-0.7641764285096928,-0.1293414125782918,-0.9660399921160753
71.2,-0.8309519377238593,-0.7475327307669064,-0.12653739322883195,-0.8309519377238593
71.25,-0.7816345274638704,-0.726299787337361,-0.09388589203977524,-0.7816345274638704
71.3,-0.8023955472775269,-0.7006009719171892,-0.039544868941431534,-0.8023955472775269
71.35,-0.6507953513735083,-0.6705869789612828,0.023424377412362068,-0.6507953513735083
71.4,-0.5465812912698386,-0.6364350100192079,0.08008434890941915,-0.5465812912698386
71.45,-0.45160991789921073,-0.5983477891352746,0.11706527521354441,-0.45160991789921073
71.5,-0.4619104662473704,-0.5565524208959209,0.1256341680616828,-0.4619104662473704
71.55,-0.41208136781770793,-0.5112991047124518,0.10368337356907342,-0.41208136781770793
71.6,-0.47776702715409924,-0.46285971556139643,0.056187180531177716,-0.47776702715409924
71.65,-0.3624709384147886,-0.41152625607338833,-0.005966165995446428,-0.3624709384147886
71.7,-0.3981803839581507,-0.3576091796185667,-0.06848621684731777,-0.3981803839581507
71.75,-0.4812052924085188,-0.3014355805082672,-0.11695241521428507,-0.4812052924085188
71.8,-0.38892734985867145,-0.2433472464963289,-0.14009422276011768,-0.38892734985867145
71.85,-0.33313131688404996,-0.1836985710102693,-0.13232837358070718,-0.33313131688404996
71.9,-0.272353667134591,-0.12285432841255944,-0.09497977406181463,-0.272353667134591
71.95,-0.0003202767065924317,-0.06118732468037691,-0.03592897547832997,-0.0003202767065924317
72.0,-0.004252937133147306,0.0009240535182047599,0.03219603950387618,-0.004252937133147306
72.05,0.12130014096305286,0.06309835876762653,0.0948333778286625,0.12130014096305286
72.1,0.293452094227113,0.12495363285482802,0.13864907467160842,0.293452094227113
72.15,0.375818039659913,0.18610994558050617,0.15434911678951227,0.375818039659913
72.2,0.3644218810489077,0.24619188356537952,0.13855958694796383,0.3644218810489077
72.25,0.439487312337753,0.3048309565355505,0.09442513734169952,0.439487312337753
72.3,0.3572801166197659,0.3616678981418131,0.0308642875989734,0.3572801166197659
72.35,0.3299142129222615,0.4163548493739246,-0.03930479074629815,0.3299142129222615
72.4,0.3667779058672256,0.46855742264723765,-0.10195282856274807,0.3667779058672256
72.45,0.5255397993236519,0.5179566514853796,-0.1444311925683557,0.5255397993236519
72.5,0.37635543673146526,0.5642508333231804,-0.15805969204524714,0.37635543673146526
72.55,0.5075842293245663,0.6071572717309534,-0.13987562243262863,0.5075842293245663
72.6,0.5033185346872588,0.6464139205446439,-0.09332097095721605,0.5033185346872588
72.65,0.6192921943740917,0.6817809268441143,-0.027694169919615545,0.6192921943740917
72.7,0.7582042757825899,0.7130420629378585,0.04360620686228892,0.7582042757825899
72.75,0.915025432134519,0.7400060305509902,0.10577315551661635,0.915025432134519
72.8,0.8735650531250722,0.7625076152506443,0.14570669369765002,0.8735650531250722
72.85,0.9606882722447384,0.7804086678810784,0.1548874879678311,0.9606882722447384
72.9,0.8833471575579719,0.7935988934421391,0.13134165753581317,0.8833471575579719
72.95,0.8882604461455329,0.801996435702893,0.08020087669184478,0.8882604461455329
73.0,0.8135171340774288,0.805548255896896,0.012670344301417865,0.8135171340774288
73.05,0.7651446728095262,0.8042303138815606,-0.05641101565603993,0.7651446728095262
73.1,0.6843029858517774,0.7980475683640958,-0.11188859233570032,0.6843029858517774
73.15,0.6406446399956757,0.787033817910174,-0.14172673274656547,0.6406446399956757
73.2,0.5963278064320146,0.7712514056478287,-0.1397443877935679,0.5963278064320146
73.25,0.5813612004557924,0.7507908075888162,-0.10698669979426459,0.5813612004557924
73.3,0.682489465107898,0.7257701177177169,-0.0513969480738129,0.682489465107898
73.35,0.7462861587975779,0.6963344336634346,0.01411832089611012,0.7462861587975779
73.4,0.7823471006493848,0.6626551369574186,0.07473005684193007,0.7823471006493848
73.45,0.7744532771386827,0.6249290542361831,0.11706746422254857,0.7744532771386827
73.5,0.6834769970256404,0.5833774824942582,0.1321294152003993,0.6834769970256404
73.55,0.6393517876433658,0.5382450633780556,0.11709381447308594,0.6393517876433658
73.6,0.5318925639332109,0.4897984975092228,0.07571027268258379,0.5318925639332109
73.65,0.4808335433757869,0.43832509789797375,0.017306687189804004,0.4808335433757869
73.7,0.3423486238957686,0.38413118964489656,-0.04528354252596988,0.3423486238957686
73.75,0.2617599369296656,0.3275403699380504,-0.09840521234673318,0.2617599369296656
73.8,0.14682397804322528,0.2688916469840476,-0.13035564998046123,0.14682397804322528
73.85,0.15066646499000808,0.20853747841645012,-0.13375785375072138,0.15066646499000808
73.9,0.002674542173816023,0.1468417286926793,-0.10712077995214866,0.002674542173816023
73.95,0.035040894598026354,0.08417756139215976,-0.055293672242810336,0.035040894598026354
74.0,0.03841508000971625,0.020925277084445745,0.011320090996252712,0.03841508000971625
74.05,0.004266332837461615,-0.04252989823578761,0.0787213464010773,0.004266332837461615
74.1,0.024918407955538957,-0.10580007383495803,0.13214342375961038,0.024918407955538957
74.15,0.022278191993967328,-0.1684970059582924,0.1592255155044085,0.022278191993967328
74.2,-0.1189424257872538,-0.23023446116535057,0.15285992325753858,-0.1189424257872538
74.25,-0.19610129562010115,-0.2906306267518768,0.1130352049206997,-0.19610129562010115
74.3,-0.15831044446530163,-0.3493105555738978,0.04716401185225383,-0.15831044446530163
74.35,-0.496537125059865,-0.4059086229755195,-0.03129091206282564,-0.496537125059865
74.4,-0.6238723687009291,-0.4600709642746539,-0.10566452536130809,-0.6238723687009291
74.45,-0.7021504425525313,-0.5114578542495922,-0.15978758270924964,-0.7021504425525313
74.5,-0.7568918502105807,-0.5597459874137202,-0.18165937821073333,-0.7568918502105807
74.55,-0.767579400456873,-0.6046306212338342,-0.16620252339936262,-0.767579400456873
74.6,-0.7048312291401305,-0.6458275536093592,-0.11643670309224098,-0.7048312291401305
74.65,-0.7080585490125321,-0.6830749185900098,-0.042808310639782396,-0.7080585490125321
74.7,-0.7136255748835171,-0.7161347974225835,0.039140299531049076,-0.7136255748835171
74.75,-0.676602274279924,-0.7447946530410191,0.1122028001689257,-0.676602274279924
74.8,-0.5736252246206329,-0.7688686035492923,0.16125714308785227,-0.5736252246206329
74.85,-0.5649243271741609,-0.7881985534941695,0.17649984733092255,-0.5649243271741609
74.9,-0.6438480500505064,-0.802655200471905,0.15546786197496218,-0.6438480500505064
74.95,-0.806426593225558,-0.8121389287367706,0.10342906886172883,-0.806426593225558
75.0,-0.6372355452016214,-0.8165805918934255,0.032090670345310275,-0.6372355452016214
75.05,-0.838640421156589,-0.8159421757891235,-0.0430539409544181,-0.838640421156589
75.1,-0.9963918322033637,-0.8102173229551515,-0.10613022211953893,-0.9963918322033637
75.15,-0.9612354890005402,-0.7994316930728266,-0.1442821409745214,-0.9612354890005402
75.2,-0.9091330153664777,-0.783643131179329,-0.1503308431823487,-0.9091330153664777
75.25,-0.7771381728926462,-0.7629416177257627,-0.12414371669265142,-0.7771381728926462
75.3,-0.8296757145026662,-0.7374489817823392,-0.07246942500160697,-0.8296757145026662
75.35,-0.7218617326169772,-0.7073183682794647,-0.007330136344123977,-0.7218617326169772
75.4,-0.6145000860510692,-0.6727334594340539,0.05665321634845346,-0.6145000860510692
75.45,-0.5919799206755962,-0.6339074579778524,0.10543738219468213,-0.5919799206755962
75.5,-0.47850499531315005,-0.5910818450631098,0.12858566824949386,-0.47850499531315005
75.55,-0.4373025222848309,-0.5445249284993255,0.12152259638251324,-0.4373025222848309
75.6,-0.3297278696451433,-0.4945301970795679,0.0865205885538633,-0.3297278696451433
75.65,-0.38544329124565335,-0.4414144943610006,0.032166357698750626,-0.38544329124565335
75.7,-0.4559999100874509,-0.38551602096134485,-0.028618944746416894,-0.4559999100874509
75.75,-0.47518203279637,-0.3271921694291797,-0.08158160064923253,-0.47518203279637
75.8,-0.4394747262206908,-0.2668171921221301,-0.1144582097858868,-0.4394747262206908
75.85,-0.3095673321232877,-0.20477970261834663,-0.11981452906969002,-0.3095673321232877
75.9,-0.17111872766877784,-0.14148001610689764,-0.09671253888121592,-0.17111872766877784
75.95,-0.19110454545717678,-0.07732734291764752,-0.05082310725869554,-0.19110454545717678
76.0,-0.011783468347086004,-0.0127368593720492,0.007004436423451404,-0.011783468347086004
76.05,0.09204685840836921,0.05187331082669392,0.06333562941601313,0.09204685840836921
76.1,0.21561897583021575,0.11608516458185628,0.10526974203524696,0.21561897583021575
76.15,0.3319368048818119,0.1794838925948975,0.1233493493663022,0.3319368048818119
76.2,0.38331559132321075,0.24166091294646763,0.11360181466710412,0.38331559132321075
76.25,0.3693505473818568,0.3022168235579158,0.07828239998118146,0.3693505473818568
76.3,0.3541641816517704,0.3607642388721303,0.025211298718907146,0.3541641816517704
76.35,0.42476666148027786,0.416930484953325,-0.034072528757632586,0.42476666148027786
76.4,0.36068753209543425,0.4703601359021339,-0.0868670019502232,0.36068753209543425
76.45,0.4224803237519041,0.5207173811219885,-0.12198474750138094,0.4224803237519041
76.5,0.43401903395683444,0.5676882165897138,-0.13199845233260857,0.43401903395683444
76.55,0.5710549109742413,0.6109824537650607,-0.11464464789449039,0.5710549109742413
76.6,0.5815155909678834,0.6503355376391007,-0.07318019837045503,0.5815155909678834
76.65,0.6177458203369265,0.685510161810102,-0.015691333869139602,0.6177458203369265
76.7,0.8230994204701757,0.716297664849681,0.04647529770356512,0.8230994204701757
76.75,0.8963322815870001,0.7425191898328487,0.10086904113326021,0.8963322815870001
76.8,0.8016352167618853,0.7640265887885888,0.13631304873526576,0.8016352167618853
76.85,0.9336176683177098,0.7807030569571763,0.14510456752581075,0.9336176683177098
76.9,0.9504653069106729,0.7924634884157445,0.12464982070235055,0.9504653069106729
76.95,0.8574330635287924,0.7992545539726433,0.07820404518303975,0.8574330635287924
77.0,0.8082855309652502,0.8010545128501232,0.014501991122018826,0.8082855309652502
77.05,0.7526013556070936,0.7978727803099251,-0.053756226085874624,0.7526013556070936
77.1,0.6703771222276614,0.7897492825353228,-0.11236728052447263,0.6703771222276614
77.15,0.5811518391927285,0.7767536360148766,-0.1485994216115837,0.5811518391927285
77.2,0.6187858430218124,0.7589841901088491,-0.1540648063663873,0.6187858430218124
77.25,0.6066119144587374,0.7365669680935597,-0.1268182312960901,0.6066119144587374
77.3,0.5715187404966025,0.7096545344072032,-0.07211894539111754,0.5715187404966025
77.35,0.692661798941408,0.6784248055797224,-0.001561197005037745,0.692661798941408
77.4,0.6546601549384654,0.6430798114217279,0.06934163971775342,0.6546601549384654
77.45,0.7081979820591472,0.6038444034169812,0.12463453255895968,0.7081979820591472
77.5,0.756179090096449,0.5609649005436094,0.15166268006717049,0.756179090096449
77.55,0.637608595893709,0.5147076601138798,0.14415490189593178,0.637608595893709
77.6,0.6207998285854099,0.46535756312308596,0.10384283400810647,0.6207998285854099
77.65,0.3853375345981841,0.4132164095257909,0.040158213106978945,0.3853375345981841
77.7,0.33203032791144305,0.35860122720829873,-0.031957892795928595,0.33203032791144305
77.75,0.1536079990926751,0.30184250673469043,-0.09560493652080784,0.1536079990926751
77.8,0.17664000131202984,0.2432823797023189,-0.13594958824171832,0.17664000131202984
77.85,-0.007501935436231198,0.1832727602073407,-0.14373401709798891,-0.007501935436231198
77.9,0.034280134914209115,0.1221734663933797,-0.11741844622145918,0.034280134914209115
77.95,-0.006699918665364208,0.06035033334511099,-0.06346590329723813,-0.006699918665364208
78.0,0.06098475992893709,-0.0018266788212700027,0.005261722265191262,0.06098475992893709
78.05,-0.06961912964378271,-0.06398538520308232,0.07257798098293886,-0.06961912964378271
78.1,0.048564188698282745,-0.1257532937369653,0.12276727551483102,0.048564188698282745
78.15,-0.06322634679395961,-0.1867595514473695,0.1442094304086164,-0.06322634679395961
78.2,-0.09144891836695256,-0.24663692884839908,0.13200727687251712,-0.09144891836695256
78.25,-0.22653866583493054,-0.30502384657485454,0.08903957307009898,-0.22653866583493054
78.3,-0.3778546827117716,-0.36156643994387866,0.025231095548240944,-0.3778546827117716
78.35,-0.4649137803049425,-0.4159206475009355,-0.04476362095956572,-0.4649137803049425
78.4,-0.5451395637098307,-0.46775430092781134,-0.10491878318279521,-0.5451395637098307
78.45,-0.6409187916675914,-0.5167491879881921,-0.14147712773032753,-0.6409187916675914
78.5,-0.6997556604397835,-0.5626030584296542,-0.14606144044351682,-0.6997556604397835
78.55,-0.7660478743939134,-0.6050315448327153,-0.11756813902432092,-0.7660478743939134
78.6,-0.7155130384706899,-0.643769975622823,-0.06241561961250506,-0.7155130384706899
78.65,-0.7585096290074653,-0.6785750649537111,0.006920402686501139,-0.7585096290074653
78.7,-0.5664215310589065,-0.7092264726918849,0.07476215589810865,-0.5664215310589065
78.75,-0.6166611177814816,-0.7355282355229693,0.12581927838157908,-0.6166611177814816
78.8,-0.5904666888582785,-0.757310075211263,0.1486691480620369,-0.5904666888582785
78.85,-0.6311539209644211,-0.7744285906307194,0.1383079619444731,-0.6311539209644211
78.9,-0.6982957729761807,-0.7867683359938344,0.097188939939393,-0.6982957729761807
78.95,-0.8301194308640164,-0.7942427800041297,0.03454724049330096,-0.8301194308640164
79.0,-0.7900051756813369,-0.7967951317798971,-0.03577141672480812,-0.7900051756813369
79.05,-0.9502684633036227,-0.7943990118309292,-0.09842548336299166,-0.9502684633036227
79.1,-0.860397188815596,-0.7870589420279015,-0.13990731189204234,-0.860397188815596
79.15,-0.9588269007595649,-0.774810628293711,-0.15136683911624527,-0.9588269007595649
79.2,-0.8674993522930377,-0.7577210136049624,-0.13036902048992308,-0.8674993522930377
79.25,-0.8162714767531692,-0.7358880861116261,-0.08128108739844261,-0.8162714767531692
79.3,-0.7960696763290607,-0.7094404366289794,-0.014273748642818673,-0.7960696763290607
79.35,-0.5628951242510393,-0.6785365699623268,0.05681452195286371,-0.5628951242510393
79.4,-0.536338837723896,-0.6433639838237748,0.11729989169861056,-0.536338837723896
79.45,-0.45066067617305205,-0.6041380357809238,0.15460252927118528,-0.45066067617305205
79.5,-0.46952852538816475,-0.5611006213207564,0.16075897920371984,-0.46952852538816475
79.55,-0.3360343567723793,-0.5145186842649419,0.1340295730198213,-0.3360343567723793
79.6,-0.4122201347590206,-0.46468257534350865,0.07930424861992286,-0.4122201347590206
79.65,-0.42778589280312623,-0.41190426744000846,0.007223813052156518,-0.42778589280312623
79.7,-0.46143626499604745,-0.35651542863992813,-0.06784050408761476,-0.46143626499604745
79.75,-0.4359779168570155,-0.2988653485355299,-0.1305973040265276,-0.4359779168570155
79.8,-0.35589317418047794,-0.23931871104413502,-0.1679228006945285,-0.35589317418047794
79.85,-0.3700041892070536,-0.17825320933361152,-0.17163173408956534,-0.3700041892070536
79.9,-0.22110133452854025,-0.1160570050394219,-0.14035330383378683,-0.22110133452854025
79.95,-0.2355398525150138,-0.05312604354785047,-0.0800598220782605,-0.2355398525150138
80.0,-0.04036783848041113,0.010138751737467762,-0.003032715180096045,-0.04036783848041113
80.05,0.15693483556727017,0.07333437186370272,0.07462152059638194,0.15693483556727017
80.1,0.3039188858642882,0.13605865716424456,0.13643277301513423,0.3039188858642882
80.15,0.4013347594406234,0.19791322329111966,0.16924092243056527,0.4013347594406234
80.2,0.45478044945630386,0.2585063258596802,0.16620037894535392,0.45478044945630386
80.25,0.3938611587756207,0.31745561610250256,0.12836006388037594,0.3938611587756207
80.3,0.4503930156104551,0.37439075031283164,0.06441074203619379,0.4503930156104551
80.35,0.4480618546888627,0.4289558290059508,-0.011341506100252245,0.4480618546888627
80.4,0.33006091800194715,0.4808116546293989,-0.08227098841721063,0.33006091800194715
80.45,0.38620948355445467,0.5296378069943584,-0.1331921899044616,0.38620948355445467
80.5,0.4674730285463486,0.575134541950594,-0.15369573990157967,0.4674730285463486
80.55,0.5457563616221566,0.6170245205254402,-0.1403139273362967,0.5457563616221566
80.6,0.6025421141651698,0.6550543732847454,-0.09707835680640323,0.6025421141651698
80.65,0.5769328729446149,0.6889960998479534,-0.03441330313246945,0.5769328729446149
80.7,0.7137484983465279,0.7186482983727427,0.033334216109151764,0.7137484983465279
80.75,0.7825652175687308,0.7438372155705064,0.09115507331125268,0.7825652175687308
80.8,0.982228550894072,0.7644176048261333,0.12670309227654264,0.982228550894072
80.85,0.949929269195895,0.7802733790128173,0.13294593804029597,0.949929269195895
80.9,0.9187968850909816,0.7913180469877342,0.10955178073524037,0.9187968850909816
80.95,0.7623615245575014,0.7974949293954814,0.06272085459588735,0.7623615245575014
81.0,0.7953787813416071,0.7987771592606703,0.00355391210429548,0.7953787813416071
81.05,0.7442155190679114,0.7951674830370198,-0.05459681353008259,0.7442155190679114
81.1,0.6873562255269268,0.7866978853043514,-0.09913165141673443,0.6873562255269268
81.15,0.6251427220440141,0.7734290637449028,-0.12087024992960939,0.6251427220440141
81.2,0.5599107820298308,0.7554497805011828,-0.11582824659800205,0.5599107820298308
81.25,0.7397617749841795,0.7328761120459335,-0.08579985442863718,0.7397617749841795
81.3,0.6278573089535551,0.7058506128618137,-0.03772690054668161,0.6278573089535551
81.35,0.7493559162572225,0.674541399815436,0.017916210312390178,0.7493559162572225
81.4,0.633553303738509,0.6391411562086623,0.06933229259737432,0.633553303738509
81.45,0.629177683825987,0.5998660489372636,0.1057624344317259,0.629177683825987
81.5,0.7291073781250316,0.5569545496114325,0.11958281655644817,0.7291073781250316
81.55,0.5736215278088693,0.5106661505797587,0.1077930750967805,0.5736215278088693
81.6,0.5767842701666737,0.46127996919445213,0.07264449347337713,0.5767842701666737
81.65,0.4371938112244183,0.4090932382182125,0.02127429553409564,0.4371938112244183
81.7,0.3256566191541081,0.3544196864535341,-0.035633567423609395,0.3256566191541081
81.75,0.17490558614726423,0.2975878201110954,-0.08595855234849611,0.17490558614726423
81.8,0.1317977023922317,0.23893912036137563,-0.11864609791349649,0.1317977023922317
81.85,0.05474874938041286,0.17882617445822208,-0.12610401475484487,0.05474874938041286
81.9,0.04632840697532092,0.11761075616372148,-0.10597328262620966,0.04632840697532092
81.95,-0.01846905616471187,0.05566186649573581,-0.06185062475195849,-0.01846905616471187
82.0,0.0045013901528807776,-0.006646260457583801,-0.002741134678932392,0.0045013901528807776
82.05,-0.07182149062601867,-0.06893618806829681,0.05871385914893903,-0.07182149062601867
82.1,0.036895932215635176,-0.130829350117495,0.10890876944926474,0.036895932215635176
82.15,0.018663155717453347,-0.19194817436580158,0.13628994106372957,0.018663155717453347
82.2,-0.17412425155899008,-0.25191826364564807,0.13404125587262405,-0.17412425155899008
82.25,-0.24153701362638583,-0.31037063606623777,0.10180186821911169,-0.24153701362638583
82.3,-0.3204372789310169,-0.36694401718189573,0.04597634493734253,-0.3204372789310169
82.35,-0.40072353369113434,-0.4212871668752869,-0.021491891094456428,-0.40072353369113434
82.4,-0.5497246845679756,-0.47306121469521256,-0.08566475063299617,-0.5497246845679756
82.45,-0.5910077317128966,-0.5219419709293089,-0.13194097298544444,-0.5910077317128966
82.5,-0.8063441874725111,-0.5676221773277251,-0.14943394949576194,-0.8063441874725111
82.55,-0.7378349541954543,-0.6098136615522052,-0.13359960469422047,-0.7378349541954543
82.6,-0.7443329684830744,-0.6482493635140824,-0.08745300479279514,-0.7443329684830744
82.65,-0.7172591206254579,-0.6826852094983609,-0.02102834198696457,-0.7172591206254579
82.7,-0.6178173672502077,-0.7129018197949268,0.05083521576024435,-0.6178173672502077
82.75,-0.600370016005294,-0.7387060449333336,0.11187562210097604,-0.600370016005294
82.8,-0.6322011227602582,-0.7599323320580998,0.14815435497745613,-0.6322011227602582
82.85,-0.6547808966569111,-0.7764439250085337,0.15127529575475024,-0.6547808966569111
82.9,-0.6978080452633901,-0.7881338992508637,0.12032213038664166,-0.6978080452633901
82.95,-0.6828868141406448,-0.7949260272538716,0.06207571573465737,-0.6828868141406448
83.0,-0.7821029797545095,-0.7967754630905972,-0.010522130169086461,-0.7821029797545095
83.05,-0.9234327201076623,-0.793669228626053,-0.08129238734519802,-0.9234327201076623
83.1,-0.9409650041850932,-0.785626478945506,-0.13445409638841602,-0.9409650041850932
83.15,-0.9104879572721083,-0.7726985231630931,-0.15814147499277825,-0.9104879572721083
83.2,-0.9040348687162498,-0.7549685797860123,-0.14701337959865846,-0.9040348687162498
83.25,-0.8483961310134732,-0.7325512535875799,-0.10338870426549067,-0.8483961310134732
83.3,-0.6805359783643951,-0.7055917320532537,-0.03668619445893691,-0.6805359783643951
83.35,-0.6839355515938034,-0.6742647116499445,0.038674634024550895,-0.6839355515938034
83.4,-0.5923766739568267,-0.6387730752201318,0.10642894653127409,-0.5923766739568267
83.45,-0.3901348302821789,-0.5993463500063099,0.15198537295622339,-0.3901348302821789
83.5,-0.3659186253296105,-0.5562389801693419,0.1655527509613737,-0.3659186253296105
83.55,-0.40906220124052756,-0.5097284477368418,0.14421153205389683,-0.40906220124052756
83.6,-0.36374158626566916,-0.46011327167993926,0.09249629084457545,-0.36374158626566916
83.65,-0.38543270842997135,-0.40771090720004016,0.021378422019507546,-0.38543270842997135
83.7,-0.40526830135956166,-0.35285555849903355,-0.054117982445737726,-0.40526830135956166
83.75,-0.4205623183239568,-0.2958959108124224,-0.11814628858556014,-0.4205623183239568
83.8,-0.3658985619006888,-0.23719278306990035,-0.15741977874931204,-0.3658985619006888
83.85,-0.3064100481775787,-0.1771167020928619,-0.16402536815211358,-0.3064100481775787
83.9,-0.24130643724859166,-0.11604540283070923,-0.13706848819238787,-0.24130643724859166
83.95,-0.1874808726380843,-0.05436126598388745,-0.08279409369236318,-0.1874808726380843
84.0,-0.007547343881001748,0.007551286956690691,-0.013152264290032712,-0.007547343881001748
84.05,0.1293337754434028,0.06930841223881988,0.056881069363654974,0.1293337754434028
84.1,0.2975602226091564,0.13052943920395602,0.11262787717844902,0.2975602226091564
84.15,0.35649650750165435,0.19083940104102193,0.14291313129125752,0.35649650750165435
84.2,0.44997220564486184,0.24987145954535386,0.14240986423225718,0.44997220564486184
84.25,0.3877094969455751,0.30726918791376,0.1125979267178523,0.3877094969455751
84.3,0.43100221210347406,0.36268868553792066,0.06116341476139214,0.43100221210347406
84.35,0.3881933673330619,0.41580051101811827,5.254202816923929e-05,0.3881933673330619
84.4,0.4191937569319994,0.46629143156551706,-0.05729961366299114,0.4191937569319994
84.45,0.4304892362155174,0.5138659964011318,-0.09889752480035179,0.4304892362155174
84.5,0.48121209448512514,0.5582479475173465,-0.11663304132737215,0.48121209448512514
84.55,0.49350538441339953,0.5991814831153212,-0.10778488022758208,0.49350538441339953
84.6,0.5575341290301008,0.6364323877592701,-0.07534356450683835,0.5575341290301008
84.65,0.6581855382711285,0.6697890397107679,-0.027181781214579155,0.6581855382711285
84.7,0.7211190360384312,0.6990633010527821,0.025704423220120752,0.7211190360384312
84.75,0.7822087899896967,0.7240912912689098,0.07151505549811586,0.7822087899896967
84.8,0.803171170765171,0.7447340411894553,0.10008274016616836,0.803171170765171
84.85,0.8856811845885794,0.7608780226103167,0.10497451907817827,0.8856811845885794
84.9,0.868037783009517,0.7724355497050084,0.08486116394370037,0.868037783009517
84.95,0.8277280721431357,0.7793450512960437,0.04387148007699721,0.8277280721431357
85.0,0.7371506739273048,0.7815712175158634,-0.00917741740158861,0.7371506739273048
85.05,0.784145691589105,0.7791050293229045,-0.06256693046719247,0.784145691589105
85.1,0.6226249571886415,0.7719636832507099,-0.10415301435450086,0.6226249571886415
85.15,0.6442859489839413,0.7601904252707341,-0.12402940364450792,0.6442859489839413
85.2,0.5696180815467217,0.7438543060194819,-0.11679860482781954,0.5696180815467217
85.25,0.7177341033865051,0.7230498648225778,-0.08292333681502188,0.7177341033865051
85.3,0.6668968295194797,0.6978967425487833,-0.028814771982647435,0.6668968295194797
85.35,0.6458968045077332,0.6685392148552267,0.03440825817199656,0.6458968045077332
85.4,0.840944436501398,0.635145629937098,0.0932509867513706,0.840944436501398
85.45,0.699847661483176,0.5979077302315953,0.1347712657806821,0.699847661483176
85.5,0.6658811473214613,0.5570398366539996,0.14946246446209974,0.6658811473214613
85.55,0.7164681679936924,0.5127778772300206,0.1334424097909633,0.7164681679936924
85.6,0.4919100464296203,0.4653782489677051,0.08943964505839506,0.4919100464296203
85.65,0.5035672656486063,0.41511651112611,0.02632353571206231,0.5035672656486063
85.7,0.34831283558868503,0.36228591800657434,-0.04275619923534329,0.34831283558868503
85.75,0.2502365176356695,0.3071958084642707,-0.10323589780506653,0.2502365176356695
85.8,0.046633047941417226,0.25016987615387015,-0.14237580714763792,0.046633047941417226
85.85,0.09734130153838716,0.1915443479779994,-0.15211906620493795,0.09734130153838716
85.9,-0.023300288624619945,0.13166609755631364,-0.1308842688379751,-0.023300288624619945
85.95,-0.056523560324011776,0.07089071573691677,-0.08384857054027826,-0.056523560324011776
86.0,-0.024539494254974318,0.00958055227453665,-0.021652159396018222,-0.024539494254974318
86.05,0.07595391324918356,-0.05189726635805566,0.0421409900106874,0.07595391324918356
86.1,0.0030338515366783256,-0.11317284640645577,0.09417332398060628,0.0030338515366783256
86.15,-0.03548373664716358,-0.1738755723216013,0.12422867440766386,-0.03548373664716358
86.2,-0.06353355264960221,-0.23363619790980703,0.12727948083355245,-0.06353355264960221
86.25,-0.3011067729127961,-0.29208898868009153,0.10423698714525553,-0.3011067729127961
86.3,-0.3032385735273656,-0.3488739133762385,0.061361235528425886,-0.3032385735273656
86.35,-0.3361763459636314,-0.4036388739808178,0.008609899956293058,-0.3361763459636314
86.4,-0.5392579331871497,-0.4560419557430906,-0.04260649256384585,-0.5392579331871497
86.45,-0.5755486634215721,-0.5057536731757016,-0.08176044583432027,-0.5755486634215721
86.5,-0.5939256651251665,-0.5524591847806166,-0.10120925552549587,-0.5939256651251665
86.55,-0.6627084775451508,-0.5958604486079703,-0.09756377240374234,-0.6627084775451508
86.6,-0.6655823827547411,-0.6356782925914336,-0.07225128646349895,-0.6655823827547411
86.65,-0.7698248092296551,-0.6716543773080457,-0.031205086561274162,-0.7698248092296551
86.7,-0.7205288115357984,-0.7035530334070415,0.016291032648752004,-0.7205288115357984
86.75,-0.7019572316449241,-0.7311629607997966,0.05946086861830941,-0.7019572316449241
86.8,-0.5789188911574686,-0.7542987813859054,0.08830784758607026,-0.5789188911574686
86.85,-0.6734214420891582,-0.7728024407488281,0.09586414848905903,-0.6734214420891582
86.9,-0.6756260745791838,-0.7865444555344662,0.07989954814053737,-0.6756260745791838
86.95,-0.7329184092923793,-0.7954250012612128,0.04362726532253144,-0.7329184092923793
87.0,-0.8087731852092108,-0.7993748307066447,-0.0048484846410088425,-0.8087731852092108
87.05,-0.8487532746884556,-0.7983560076438699,-0.05428673484069031,-0.8487532746884556
87.1,-0.867862028610823,-0.7923624366148847,-0.09288638236718169,-0.867862028610823
87.15,-0.9400409520622527,-0.78142016808419,-0.11107193185904138,-0.9400409520622527
87.2,-0.877564652932811,-0.7655874603964358,-0.10380346173636296,-0.877564652932811
87.25,-0.8125495939851985,-0.7449545854530419,-0.0718398380288411,-0.8125495939851985
87.3,-0.6570048389579947,-0.719643373222998,-0.021650554309125308,-0.6570048389579947
87.35,-0.6639378419717185,-0.6898064995940356,0.035989925140180325,-0.6639378419717185
87.4,-0.606189996762287,-0.6556265305169171,0.08838043463159774,-0.606189996762287
87.45,-0.4842219263542223,-0.6173147410895152,0.1236951177677452,-0.4842219263542223
87.5,-0.4433520468801021,-0.575109730570902,0.13359553678868097,-0.4433520468801021
87.55,-0.46874139717686913,-0.529275853681795,0.11510309007307268,-0.46874139717686913
87.6,-0.35393496432389043,-0.4801014855135996,0.07134433753661346,-0.35393496432389043
87.65,-0.46342425654529606,-0.4278971326468007,0.011008128552654,-0.46342425654529606
87.7,-0.39062475790133344,-0.37299339783863095,-0.053393481158994234,-0.39062475790133344
87.75,-0.4231203560938923,-0.31573880134984683,-0.10812806896994694,-0.4231203560938923
87.8,-0.4187762623166209,-0.2564974599946258,-0.14118940988408046,-0.4187762623166209
87.85,-0.3088326155133624,-0.1956466262635046,-0.1449713033193225,-0.3088326155133624
87.9,-0.26497305665605975,-0.1335740946863182,-0.11807592190621433,-0.26497305665605975
87.95,-0.11351229415134324,-0.07067549043001461,-0.06581692815339256,-0.11351229415134324
88.0,-0.012248258006849984,-0.007351464599979669,0.0007594029295785736,-0.012248258006849984
88.05,0.1409006942522533,0.05599517003889844,0.06718716384517599,0.1409006942522533
88.1,0.1412933108189667,0.11896232203910378,0.11876277373905746,0.1412933108189667
88.15,0.41491705778945914,0.18115147833045572,0.1438963822562606,0.41491705778945914
88.2,0.48138045425504145,0.24217049109025288,0.1368470933699769,0.48138045425504145
88.25,0.3542058398943925,0.3016362547259927,0.09915912151218935,0.3542058398943925
88.3,0.4180979895660545,0.35917724189521144,0.039406038717492944,0.4180979895660545
88.35,0.36150128043764196,0.4144358789615656,-0.028733757935993552,0.36150128043764196
88.4,0.35961866831645684,0.46707075296071643,-0.08962209960482796,0.35961866831645684
88.45,0.4043846239304436,0.5167586510614877,-0.12927220822935928,0.4043846239304436
88.5,0.4615772918094847,0.5631964380032711,-0.13856831421783006,0.4615772918094847
88.55,0.5439186549172476,0.6061027770835103,-0.11534928191755393,0.5439186549172476
88.6,0.5630314561726878,0.6452196970966138,-0.06489384601487862,0.5630314561726878
88.65,0.6328492453655924,0.6803140028241197,0.001284831715036419,0.6328492453655924
88.7,0.8060253184874513,0.7111785217507642,0.06805341289886958,0.8060253184874513
88.75,0.8002964522148635,0.737633175720397,0.12009189989645727,0.8002964522148635
88.8,0.9265290705561365,0.7595258642153112,0.1453723702403445,0.9265290705561365
88.85,0.9659803247638921,0.7767331468529338,0.13789002114326568,0.9659803247638921
88.9,0.8770841918532957,0.7891607171555336,0.09901658069408242,0.8770841918532957
88.95,0.797438907009978,0.7967436673580159,0.03716517216229391,0.797438907009978
89.0,0.7366342714286969,0.799446553563131,-0.03414191862024777,0.7366342714286969
89.05,0.7467896281013217,0.7972632795664559,-0.09933114956890732,0.7467896281013217
89.1,0.6145027869616149,0.7902168236914855,-0.14423589521235083,0.6145027869616149
89.15,0.5481546287618493,0.7783588345979059,-0.15916340975132115,0.5481546287618493
89.2,0.6633246558557598,0.7617691191188055,-0.14090484497266956,0.6633246558557598
89.25,0.616039757356809,0.7405550382529194,-0.09329577510641136,0.616039757356809
89.3,0.776284118758617,0.7148508175872895,-0.02627859267301389,0.776284118758617
89.35,0.766606780708798,0.6848167677749987,0.046258891526157225,0.766606780708798
89.4,0.7774598115252177,0.6506384019959752,0.10937072923857712,0.7774598115252177
89.45,0.6247481800575264,0.6125254327861707,0.1500791610949517,0.6247481800575264
89.5,0.7134437047871234,0.5707106309085969,0.15998188051927062,0.7134437047871234
89.55,0.715479066864109,0.5254485331305453,0.13698120826609694,0.715479066864109
89.6,0.5599126809683856,0.4770139923559205,0.08580942362305137,0.5599126809683856
89.65,0.5222460241449889,0.42570057167815084,0.017193734245637207,0.5222460241449889
89.7,0.39227248561121025,0.37181879321712136,-0.054268988257401604,0.39227248561121025
89.75,0.1302867012624978,0.315694262114315,-0.11317949209669866,0.1302867012624978
89.8,0.06283725885858957,0.2576656938710917,-0.14672838000156752,0.06283725885858957
89.85,0.038017966265826646,0.19808287714838896,-0.14763585575645136,0.038017966265826646
89.9,0.03308629112902425,0.137304602682212,-0.11589901758984253,0.03308629112902425
89.95,0.07401881861077424,0.07569658227344751,-0.05886654994191727,0.07401881861077424
90.0,-0.03794691423854368,0.01362937212055886,0.010422367569606274,-0.03794691423854368
90.05,0.06929494332964632,-0.04852369476905306,0.076251114421375,0.06929494332964632
90.1,-0.09712533433883876,-0.11038856937351284,0.12386121846819725,-0.09712533433883876
90.15,0.07616049867907047,-0.17159254648440597,0.14282757574565075,0.07616049867907047
90.2,-0.12438440759684617,-0.23176632932670596,0.12936325435788534,-0.12438440759684617
90.25,-0.17707956311209636,-0.2905461011437364,0.08702210027635722,-0.17707956311209636
90.3,-0.3778478827064131,-0.3475755992628784,0.025679755699938387,-0.3778478827064131
90.35,-0.5250255457596129,-0.40250817882755313,-0.040891709384899465,-0.5250255457596129
90.4,-0.5152395179147886,-0.45500884583988893,-0.09820886414263215,-0.5152395179147886
90.45,-0.6135639964789433,-0.5047562349121776,-0.13423921165779096,-0.6135639964789433
90.5,-0.7161741552293374,-0.5514445073265398,-0.14183816413592268,-0.7161741552293374
90.55,-0.6532097213106098,-0.5947851490839832,-0.11999878894761852,-0.6532097213106098
90.6,-0.7949854508379774,-0.634508655221545,-0.07376106486561448,-0.7949854508379774
90.65,-0.6084469770673978,-0.6703660945564102,-0.012918459973481454,-0.6084469770673978
90.7,-0.6417060868115808,-0.7021305570424909,0.05012295898679954,-0.6417060868115808
90.75,-0.6539073040582398,-0.7295984926407201,0.1028603521426196,-0.6539073040582398
90.8,-0.6682337115922954,-0.7525909543970533,0.13509721021145255,-0.6682337115922954
90.85,-0.5149123923339812,-0.7709547583085254,0.14081462295887834,-0.5149123923339812
90.9,-0.722296848135519,-0.7845635686321208,0.11921328222128784,-0.722296848135519
90.95,-0.7032224124775136,-0.793318910262328,0.07477701081328827,-0.7032224124775136
91.0,-0.7388254137174906,-0.7971511006166321,0.0163676966849196,-0.7388254137174906
91.05,-0.8673263687546717,-0.7960200836398458,-0.044482380266524305,-0.8673263687546717
91.1,-0.856997580452986,-0.789916140063781,-0.09578065044891043,-0.856997580452986
91.15,-0.9300895410247638,-0.7788604426147829,-0.12739430964753376,-0.9300895410247638
91.2,-0.8948429459626326,-0.7629054234082769,-0.13305458853627164,-0.8948429459626326
91.25,-0.8902819513511576,-0.7421349236107075,-0.11165771447526712,-0.8902819513511576
91.3,-0.6941575841110024,-0.7166641021472562,-0.06758693111339217,-0.6941575841110024
91.35,-0.7453681627394052,-0.6866390895095987,-0.009951707259740943,-0.7453681627394052
91.4,-0.6221969041124213,-0.6522363826549624,0.04915729358938718,-0.6221969041124213
91.45,-0.5302235306679226,-0.613661985664674,0.0971018524948893,-0.5302235306679226
91.5,-0.4762584770201619,-0.5711503070651472,0.12336431768283145,-0.4762584770201619
91.55,-0.43124378690602344,-0.5249628281518812,0.1219058309096717,-0.43124378690602344
91.6,-0.3612947091964054,-0.4753865573291548,0.09267795317585083,-0.3612947091964054
91.65,-0.39730494025203184,-0.42273228371485516,0.04187904744697866,-0.39730494025203184
91.7,-0.39947824688505534,-0.3673326399085221,-0.01920663854917864,-0.39947824688505534
91.75,-0.3231210653754576,-0.3095399802054307,-0.07662317128170568,-0.3231210653754576
91.8,-0.3841663865401426,-0.24972407814439124,-0.116916014624957,-0.3841663865401426
91.85,-0.38195678414262907,-0.1882696473131088,-0.13032888180794214,-0.38195678414262907
91.9,-0.3401007536339722,-0.12557369249094238,-0.1132228700866662,-0.3401007536339722
91.95,-0.07331386351217226,-0.062042704758753585,-0.06907019747611334,-0.07331386351217226
92.0,0.07294065630714601,0.0019102762221309838,-0.007728794269813019,0.07294065630714601
92.05,0.10177942911862796,0.06586869878106712,0.05683978389515871,0.10177942911862796
92.1,0.1959348586624026,0.12941559180256057,0.10983502130642805,0.1959348586624026
92.15,0.40227405006542427,0.19213666599472412,0.1390520848044368,0.40227405006542427
92.2,0.3745962627231794,0.2536233770885051,0.13766325332140686,0.3745962627231794
92.25,0.43671357638536434,0.31347590883108545,0.10571814227158821,0.43671357638536434
92.3,0.3512446933674091,0.3713060414589163,0.050065910107657007,0.3512446933674091
92.35,0.4166799702142455,0.4267398811058487,-0.017222886532686082,0.4166799702142455
92.4,0.41377913047638837,0.47942043526877975,-0.08153389231860826,0.41377913047638837
92.45,0.4889800330356436,0.5290100268829087,-0.1288812083836418,0.4889800330356436
92.5,0.38423337461156265,0.57519254368089,-0.14890667650940925,0.38423337461156265
92.55,0.47438956159335244,0.6176755204065639,-0.13710062257424704,0.47438956159335244
92.6,0.6220421917815171,0.6561920495476169,-0.09579801095500594,0.6220421917815171
92.65,0.5709721488549704,0.6905025119558027,-0.03373739103287098,0.5709721488549704
92.7,0.7630578420405077,0.7203961129758824,0.03575027934639545,0.7630578420405077
92.75,0.8966380619147954,0.7456922042053293,0.09757282842031989,0.8966380619147954
92.8,0.9014967064996926,0.7662413676248475,0.13814752147524775,0.9014967064996926
92.85,0.9271688021272626,0.7819262390975981,0.14840989993284945,0.9271688021272626
92.9,0.8726981924589506,0.7926620529752677,0.12588959542582856,0.8726981924589506
92.95,0.893596004486154,0.7983968983153471,0.07536695107280841,0.893596004486154
93.0,0.8393124371952276,0.7991116881874599,0.007925633123617831,0.8393124371952276
93.05,0.7449912546519827,0.7948198545637946,-0.06143139407032828,0.7449912546519827
93.1,0.6811879294163727,0.7855667907323939,-0.11710491305028628,0.6811879294163727
93.15,0.6299279563479632,0.7714290698895255,-0.14642731602369788,0.6299279563479632
93.2,0.5147662062878533,0.7525134715493618,-0.14258161231080518,0.5147662062878533
93.25,0.6683547164220601,0.7289558459964477,-0.10621293706670881,0.6683547164220601
93.3,0.6607773566405654,0.7009198414093198,-0.0453325109289021,0.6607773566405654
93.35,0.679122550909072,0.6685955099392787,0.026473408834674066,0.679122550909072
93.4,0.8116610346639768,0.6321978004271116,0.09310375884471654,0.8116610346639768
93.45,0.7159986751298417,0.591964939222724,0.13954930332378815,0.7159986751298417
93.5,0.6823931455600183,0.548156698493482,0.1552186848095698,0.6823931455600183
93.55,0.639533841714728,0.501052553900246,0.1362574856749936,0.639533841714728
93.6,0.5258884041493228,0.450949739732539,0.08639114051240569,0.5258884041493228
93.65,0.32866660786346263,0.3981612177449258,0.01615445677724356,0.32866660786346263
93.7,0.334408812178826,0.34301358394360165,-0.059304402081589117,0.334408812178826
93.75,0.1883060472435005,0.28584494350957845,-0.12339673736919923,0.1883060472435005
93.8,0.09034665129488206,0.22700278649280514,-0.16162495718977754,0.09034665129488206
93.85,-0.03110281431689739,0.16684189536024283,-0.16478310251580083,-0.03110281431689739
93.9,0.017929013028690113,0.10572231020276474,-0.13116388803399878,0.017929013028690113
93.95,-0.03687204667204376,0.04400736897088553,-0.06724839189014237,-0.03687204667204376
94.0,-0.004525974901247065,-0.01793817047569129,0.013386787564610574,-0.004525974901247065
94.05,-0.09036287875498894,-0.07974993064706576,0.09284944014118697,-0.09036287875498894
94.1,-0.000988903348549456,-0.14106565033648186,0.1528993200374012,-0.000988903348549456
94.15,-0.025667733269244077,-0.20152687536705122,0.17925006722079995,-0.025667733269244077
94.2,0.00896516694189714,-0.2607806252057617,0.16515923423974824,0.00896516694189714
94.25,-0.1299168227799958,-0.3184810537303694,0.11332706124152185,-0.1299168227799958
94.3,-0.36418439641968126,-0.3742911149470559,0.03549090502665377,-0.36418439641968126
94.35,-0.5491540492012776,-0.4278842333364986,-0.05029698494295689,-0.5491540492012776
94.4,-0.5932040021521682,-0.47894596670929246,-0.12405945308488892,-0.5932040021521682
94.45,-0.7189330748745789,-0.5271756408658937,-0.16880586067549144,-0.7189330748745789
94.5,-0.6734538676735476,-0.5722879326865404,-0.17466007309213208,-0.6734538676735476
94.55,-0.7594490293613841,-0.6140143816438302,-0.14112970021686227,-0.7594490293613841
94.6,-0.7501356775357771,-0.652104817223757,-0.07697293403723617,-0.7501356775357771
94.65,-0.6305025866642708,-0.686328698944335,0.0022195060252075383,-0.6305025866642708
94.7,-0.5844843318720437,-0.7164763745131667,0.07801271855666325,-0.5844843318720437
94.75,-0.5882509748496418,-0.7423602683085201,0.133599741341469,-0.5882509748496418
94.8,-0.612579221971111,-0.7638160149849536,0.15761488036881832,-0.612579221971111
94.85,-0.6332069409025696,-0.7807035505029839,0.14640102617104925,-0.6332069409025696
94.9,-0.6758191683551857,-0.7929081657315887,0.10431199734768783,-0.6758191683551857
94.95,-0.7250896443315009,-0.8003415177481119,0.042158431939472045,-0.7250896443315009
95.0,-0.8124243960121703,-0.8029425831248842,-0.02565738780075185,-0.8124243960121703
95.05,-0.921054744888521,-0.8006785276288587,-0.08452656608172476,-0.921054744888521
95.1,-0.8782287595158929,-0.7935454594637298,-0.12272685476851718,-0.8782287595158929
95.15,-0.9644313526246345,-0.7815690298705068,-0.13359026591377077,-0.9644313526246345
95.2,-0.8155482661234381,-0.7648048463483805,-0.11641259894135553,-0.8155482661234381
95.25,-0.7470120068564131,-0.7433386695717799,-0.0760985009177319,-0.7470120068564131
95.3,-0.7867708806979067,-0.717286373690725,-0.021793784873985728,-0.7867708806979067
95.35,-0.6742786075734672,-0.6867936589845629,0.03510708416464685,-0.6742786075734672
95.4,-0.6152015492673254,-0.6520355141035572,0.0831732804086761,-0.6152015492673254
95.45,-0.5001469406072727,-0.6132154316988868,0.11301752201376393,-0.5001469406072727
95.5,-0.41160469883956713,-0.5705643859504047,0.11895852164642925,-0.41160469883956713
95.55,-0.4840647091390153,-0.5243395829555259,0.10003810067240838,-0.4840647091390153
95.6,-0.3957585077753702,-0.4748229947409284,0.06022553328286276,-0.3957585077753702
95.65,-0.41789306339455906,-0.42231968526951535,0.007731187946596576,-0.41789306339455906
95.7,-0.3768317324826118,-0.3671559337238613,-0.046517310405537964,-0.3768317324826118
95.75,-0.4086850183091265,-0.3096771582158513,-0.0910203808895121,-0.4086850183091265
95.8,-0.4401023912806378,-0.2502456430140773,-0.11609470331605899,-0.4401023912806378
95.85,-0.22565451665237568,-0.18923807505263932,-0.11601336642731577,-0.22565451665237568
95.9,-0.2903789335942672,-0.1270429012511965,-0.09039782240133352,-0.2903789335942672
95.95,-0.06692603807375291,-0.06405752667333563,-0.04448504990500174,-0.06692603807375291
96.0,0.013432741702157943,-0.0006853833824767717,0.011865850107834076,0.013432741702157943
96.05,0.1397432059634467,0.06266709090163695,0.06626297570670878,0.1397432059634467
96.1,0.23091888774493763,0.12559351834006363,0.10652237597219645,0.23091888774493763
96.15,0.35790935755839887,0.18769064139743816,0.12343490442100466,0.35790935755839887
96.2,0.4161940586953047,0.24856132973884645,0.11290567150177618,0.4161940586953047
96.25,0.3474401856489763,0.30781749016651266,0.07695020884186678,0.3474401856489763
96.3,0.4311396541704074,0.36508284442613465,0.023302556736693143,0.4311396541704074
96.35,0.36957078895277146,0.4199955497182774,-0.03627647580252579,0.36957078895277146
96.4,0.40290805260203977,0.472210646402587,-0.08859790351435358,0.40290805260203977
96.45,0.3989070302022251,0.5214023248035904,-0.12195808553696036,0.3989070302022251
96.5,0.5697839414201427,0.5672660072042337,-0.12872214136684113,0.5697839414201427
96.55,0.4514273067766085,0.6095202420161303,-0.10702228832284137,0.4514273067766085
96.6,0.599205919186974,0.6479084055401125,-0.06121464764350927,0.599205919186974
96.65,0.6934993396834137,0.6822002038443166,-0.000997270220439723,0.6934993396834137
96.7,0.7603388118236138,0.7121929641046166,0.060633927712651546,0.7603388118236138
96.75,0.895621936417569,0.7377127022623706,0.11017031103747203,0.895621936417569
96.8,0.932319389749799,0.7586149533910614,0.1365289936783529,0.932319389749799
96.85,0.8484612885761439,0.774785354020514,0.13351058289570442,0.8484612885761439
96.9,0.8681625571544871,0.7861399722207036,0.10123467732761532,0.8681625571544871
96.95,0.8430966912468132,0.792625390485119,0.0462244114450535,0.8430966912468132
97.0,0.840269128425954,0.7942185563689366,-0.019904440443498306,0.840269128425954
97.05,0.7191726360599202,0.7909264245164777,-0.08289744793246992,0.7191726360599202
97.1,0.5520838283742517,0.7827854200462513,-0.12895091977946999,0.5520838283742517
97.15,0.6261865303498937,0.7698607564673314,-0.14776680945685636,0.6261865303498937
97.2,0.6336046449787059,0.7522456403244911,-0.13488304716472949,0.6336046449787059
97.25,0.6445665553324338,0.7300603890054723,-0.09273523062631302,0.6445665553324338
97.3,0.6571470810685106,0.7034514786583977,-0.030190760886908224,0.6571470810685106
97.35,0.7125324281572515,0.6725905284700745,0.03935349921846296,0.7125324281572515
97.4,0.7071380308570743,0.6376732180927437,0.10089240443032103,0.7071380308570743
97.45,0.7007633100752856,0.5989181282902473,0.14110459664791658,0.7007633100752856
97.5,0.7495396860048064,0.5565654916882643,0.1512806396625064,0.7495396860048064
97.55,0.673250467343359,0.5108758411835486,0.12922843280681998,0.673250467343359
97.6,0.5779303628533788,0.4621285479830996,0.07972521643339982,0.5779303628533788
97.65,0.34523771127166114,0.410620248757451,0.013421100841598988,0.34523771127166114
97.7,0.32401710551575763,0.3566631704854812,-0.055536361612442714,0.32401710551575763
97.75,0.21411319930737036,0.3005833697977085,-0.11259165209207574,0.21411319930737036
97.8,0.03223920158646623,0.2427189085702584,-0.14587604580809016,0.03223920158646623
97.85,0.04433265117445182,0.18341798800694076,-0.1486372638962888,0.04433265117445182
97.9,0.10201096763679145,0.12303705967379858,-0.12052589595355098,0.10201096763679145
97.95,0.05920677959215477,0.06193892497696934,-0.06753888334290255,0.05920677959215477
98.0,-0.08305563174982883,0.0004908262578405716,-0.0007040226681804496,-0.08305563174982883
98.05,-0.008506962503941265,-0.06093747466710828,0.06618691150978738,-0.008506962503941265
98.1,-0.008876543947443636,-0.12197563954958562,0.1193501473342791,-0.008876543947443636
98.15,0.017998866623567755,-0.1822547294427273,0.1477764851089295,0.017998866623567755
98.2,-0.09613203752526284,-0.24140922335324067,0.14548070920087747,-0.09613203752526284
98.25,-0.18211194279974321,-0.2990790855320216,0.11279247224003547,-0.18211194279974321
98.3,-0.3440334925927143,-0.35491187888914244,0.05640120345150837,-0.3440334925927143
98.35,-0.44925398122323906,-0.40856491156646896,-0.0119064138413349,-0.44925398122323906
98.4,-0.45362684708589385,-0.4597073936309669,-0.0776191641658489,-0.45362684708589385
98.45,-0.6321837158112088,-0.5080225734750736,-0.12654668852084286,-0.6321837158112088
98.5,-0.7262829930091842,-0.553209819903972,-0.14792516935299407,-0.7262829930091842
98.55,-0.7780756632831167,-0.5949866160967883,-0.13690238822904896,-0.7780756632831167
98.6,-0.710696000987912,-0.6330904354892799,-0.09579505779338704,-0.710696000987912
98.65,-0.7021165313619494,-0.6672804768683356,-0.03374413884411112,-0.7021165313619494
98.7,-0.706529046881117,-0.6973392454090914,0.0352443287203005,-0.706529046881117
98.75,-0.6854314427740508,-0.7230739757866789,0.09547893798767397,-0.6854314427740508
98.8,-0.5431819519165746,-0.7443179006838616,0.13325089668501458,-0.5431819519165746
98.85,-0.6210264910543287,-0.7609313717729868,0.1400903932692713,-0.6210264910543287
98.9,-0.6514598309609145,-0.7728028400663939,0.11477829967369993,-0.6514598309609145
98.95,-0.6793587080028012,-0.7798496983611009,0.06358410853453451,-0.6793587080028012
99.0,-0.8088688545075664,-0.7820189812773719,-0.0013311988075385968,-0.8088688545075664
99.05,-0.9025832815610133,-0.7792879101973269,-0.06491385528092705,-0.9025832815610133
99.1,-0.8921820669875338,-0.7716642637813232,-0.11281653642455967,-0.8921820669875338
99.15,-0.9335587784280623,-0.7591865517913956,-0.13467075905870174,-0.9335587784280623
99.2,-0.8724656050906117,-0.7419239717906092,-0.12625071742416066,-0.8724656050906117
99.25,-0.7414776251047822,-0.7199761346232926,-0.09010029048932616,-0.7414776251047822
99.3,-0.661982178438353,-0.6934725538088591,-0.03462500110957338,-0.661982178438353
99.35,-0.6851110943058378,-0.6625719037540105,0.027985592836666608,-0.6851110943058378
99.4,-0.553456026240731,-0.6274610597331252,0.0844390023740847,-0.553456026240731
99.45,-0.478593288401659,-0.5883539376025665,0.12303746275269774,-0.478593288401659
99.5,-0.5226307504085486,-0.545490153131541,0.13590990176130635,-0.5226307504085486
99.55,-0.33576266358912665,-0.49913352014150153,0.12044807859034717,-0.33576266358912665
99.6,-0.3844268136189085,-0.4495704038238592,0.07976184426995982,-0.3844268136189085
99.65,-0.33445308109749594,-0.3971079411680117,0.022095133225613767,-0.33445308109749594
99.7,-0.4119657064047546,-0.34207213506996115,-0.04072744974060401,-0.4119657064047546
99.75,-0.3834791033082433,-0.28480582342052757,-0.09560329583568235,-0.3834791033082433
99.8,-0.398451301373546,-0.22566652080932537,-0.1308207733236646,-0.398451301373546
99.85,-0.355420532714159,-0.16502413007787187,-0.13858146208770067,-0.355420532714159
99.9,-0.17834955944324596,-0.10325852474831933,-0.11682347182172019,-0.17834955944324596
99.95,-0.1223900934129461,-0.04075701100052521,-0.06988534808830275,-0.1223900934129461
100.0,-0.03701615047400355,0.022088312223881527,-0.007771866453153064,-0.03701615047400355
100.05,0.09652379206511798,0.08488326647365188,0.05590810082049437,0.09652379206511798
100.1,0.3031870849445901,0.1472343438134183,0.10693579814569903,0.3031870849445901
100.15,0.3040879304902279,0.20875145201166137,0.13375106118661645,0.3040879304902279
100.2,0.391322790981926,0.26905061209429937,0.13021623074282002,0.391322790981926
100.25,0.46464069300696587,0.3277565686062875,0.09716973853998466,0.46464069300696587
100.3,0.3920359841933002,0.3845052799283081,0.04233255480978916,0.3920359841933002
100.35,0.41130581070725075,0.43894626533394904,-0.02146431751671887,0.41130581070725075
100.4,0.49419406369747576,0.49074479516374664,-0.0793278847367098,0.49419406369747576
100.45,0.388993549739274,0.5395839187045881,-0.11787849621786181,0.388993549739274
100.5,0.3969586568768753,0.5851663298219599,-0.12844992905270491,0.3969586568768753
100.55,0.4879207117194351,0.6272160725052436,-0.10909856215071657,0.4879207117194351
100.6,0.6807019699214946,0.6654800871135413,-0.06492022568395696,0.6807019699214946
100.65,0.6736037829887483,0.6997295937968329,-0.006632607893568839,0.6736037829887483
100.7,0.804280022634713,0.7297613041515552,0.05215207448058633,0.804280022634713
100.75,0.8947161361979655,0.7553984482471778,0.09821185653208607,0.8947161361979655
100.8,0.8446762852443249,0.7764916035639582,0.12171100610727516,0.8446762852443249
100.85,0.9341069574270127,0.7929193155203729,0.1182083014273021,0.9341069574270127
100.9,0.863566785102384,0.8045885055612478,0.08929726385719504,0.863566785102384
100.95,0.8123714188003064,0.8114346710765384,0.0418747496250327,0.8123714188003064
101.0,0.8554768975757446,0.8134218902343644,-0.013644285352120892,0.8554768975757446
101.05,0.6184352182766377,0.8105426526022728,-0.06565957166532967,0.6184352182766377
101.1,0.7480735648086553,0.8028175418486947,-0.10372775260563877,0.7480735648086553
101.15,0.6401120027342456,0.7902947988250717,-0.12047400271423553,0.6401120027342456
101.2,0.6607159796435506,0.773049791433546,-0.11280185813622466,0.6607159796435506
101.25,0.6880133924023404,0.7511844122652156,-0.08230255171809747,0.6880133924023404
101.3,0.6612440789045133,0.7248264172686316,-0.03489195496384698,0.6612440789045133
101.35,0.630161571224941,0.6941287101869359,0.020227531798006338,0.630161571224941
101.4,0.7405114170185986,0.6592685694688273,0.07214593654157611,0.7405114170185986
101.45,0.7064128489364343,0.6204468077576903,0.1101872693412197,0.7064128489364343
101.5,0.7198709964013973,0.5778868497194178,0.12596247561981871,0.7198709964013973
101.55,0.5986856613024131,0.5318337127408674,0.11519701252921581,0.5986856613024131
101.6,0.513650900406024,0.4825528773480595,0.07894439098959122,0.513650900406024
101.65,0.4991803958719473,0.4303290393610747,0.0238272863517265,0.4991803958719473
101.7,0.42062741076600924,0.375464742168049,-0.03891281954793106,0.42062741076600924
101.75,0.14416129316109838,0.31827889348471095,-0.0955322589729227,0.14416129316109838
101.8,0.17784053728264904,0.2591051756253459,-0.13273532889444653,0.17784053728264904
101.85,0.04375987333365483,0.19829036084043777,-0.14083745715250862,0.04375987333365483
101.9,0.011748534638724157,0.13619254273502474,-0.11635916802703147,0.011748534638724157
101.95,-0.03636246394852337,0.07317929090333579,-0.06331652692570662,-0.03636246394852337
102.0,0.09258162702920239,0.009625729715015928,0.007251443594203976,0.09258162702920239
102.05,0.08540436494459719,-0.05408746445333784,0.07953761416399271,0.08540436494459719
102.1,0.011260460284203112,-0.11757615808306304,0.13654091322261186,0.011260460284203112
102.15,0.021471130266025075,-0.18045495884982113,0.16411883494846807,0.021471130266025075
102.2,-0.12052235155052364,-0.2423395244666049,0.1545181379975011,-0.12052235155052364
102.25,-0.17945647548036814,-0.30284898014100026,0.1084861195819113,-0.17945647548036814
102.3,-0.29847973495113134,-0.36160843109363866,0.035396435780823,-0.29847973495113134
102.35,-0.4099276505072369,-0.41825154432267764,-0.048701638106387925,-0.4099276505072369
102.4,-0.6404411979694948,-0.47242316284218006,-0.12469593646651195,-0.6404411979694948
102.45,-0.6364705978012981,-0.5237819076337226,-0.17485341562308898,-0.6364705978012981
102.5,-0.8002576605700255,-0.5720027189985993,-0.1870323047145448,-0.8002576605700255
102.55,-0.7470060552792642,-0.6167792908416924,-0.1576362205793074,-0.7470060552792642
102.6,-0.7868372072206833,-0.6578263585003779,-0.09257357562527034,-0.7868372072206833
102.65,-0.7089646521408903,-0.6948818115986223,-0.0059700653988407175,-0.7089646521408903
102.7,-0.6022250730772759,-0.7277086157667698,0.08306302001744907,-0.6022250730772759
102.75,-0.5483495470053119,-0.7560965383302871,0.15482153787135625,-0.5483495470053119
102.8,-0.6418165202930954,-0.7798636807470192,0.1935019076115231,-0.6418165202930954
102.85,-0.6056940271853388,-0.7988578229281629,0.19073328734740014,-0.6056940271853388
102.9,-0.7039979946989177,-0.8129575814936774,0.14735111370833429,-0.7039979946989177
102.95,-0.686993195696187,-0.8220733771318955,0.07305873376535638,-0.686993195696187
103.0,-0.9091187101085099,-0.8261481979787693,-0.015877186748667806,-0.9091187101085099
103.05,-0.8527050793964317,-0.8251581384969052,-0.1003172452008288,-0.8527050793964317
103.1,-0.9715642153917765,-0.819112688550716,-0.16246432603097613,-0.9715642153917765
103.15,-1.0049551450968268,-0.8080547467675028,-0.18966261111861615,-1.0049551450968268
103.2,-1.0268501994497694,-0.7920603366849773,-0.17696882327196625,-1.0268501994497694
103.25,-0.8455070787295904,-0.7712380135284966,-0.1279837256324908,-0.8455070787295904
103.3,-0.6947448424644109,-0.7457279627671485,-0.05383281568958733,-0.6947448424644109
103.35,-0.6915045966284792,-0.7157008067690905,0.02940657508224453,-0.6915045966284792
103.4,-0.6322590052030534,-0.6813561497657556,0.1042173885205406,-0.6322590052030534
103.45,-0.4199042297811406,-0.6429209011188767,0.15532197323880317,-0.4199042297811406
103.5,-0.36978188307842424,-0.6006474214634869,0.1727710799600116,-0.36978188307842424
103.55,-0.4133438062981511,-0.5548115358713787,0.15384419906457053,-0.4133438062981511
103.6,-0.3452755375120262,-0.5057104531081971,0.10342180843772496,-0.3452755375120262
103.65,-0.396439661796067,-0.453660621121433,0.032801360921960065,-0.396439661796067
103.7,-0.40517289833620523,-0.39899553802368404,-0.04276502973631123,-0.40517289833620523
103.75,-0.4115132189339627,-0.34206352757472597,-0.10729023405190093,-0.4115132189339627
103.8,-0.3994186446777832,-0.28322548061119895,-0.14737122190651478,-0.3994186446777832
103.85,-0.3803092036296052,-0.22285256028538472,-0.1549402357469504,-0.3803092036296052
103.9,-0.16798629073564958,-0.16132386978847466,-0.12889791824005234,-0.16798629073564958
103.95,-0.1841266893129505,-0.0990240859236297,-0.07530035081486249,-0.1841266893129505
104.0,0.0010167459477036132,-0.03634106893312227,-0.006057109758156607,0.0010167459477036132
104.05,0.03537081770031039,0.02633653369510358,0.06360684106331249,0.03537081770031039
104.1,0.301685278105938,0.08862166588856646,0.11841768607899796,0.301685278105938
104.15,0.30636159481409714,0.15013119735293315,0.14637121194049302,0.30636159481409714
104.2,0.42896999936903196,0.21048818708590805,0.14138498766347446,0.42896999936903196
104.25,0.3753574006258466,0.2693240537161589,0.10467996185275294,0.3753574006258466
104.3,0.36314445786064997,0.32628063823812004,0.044551093521111355,0.36314445786064997
104.35,0.39215092865036266,0.3810121545592816,-0.0254527985947631,0.39215092865036266
104.4,0.38889845289817754,0.433187032513184,-0.08955153204462345,0.38889845289817754
104.45,0.35479872286300207,0.48248966438802193,-0.13328662697556135,0.35479872286300207
104.5,0.4233795761613404,0.5286220684307924,-0.14680184899950036,0.4233795761613404
104.55,0.5064421704985217,0.5713054810618726,-0.12709825717032375,0.5064421704985217
104.6,0.47869038412670384,0.6102818841766741,-0.07873356964917037,0.47869038412670384
104.65,0.7120173428537512,0.6453154660155367,-0.012786013130726252,0.7120173428537512
104.7,0.7173842317889899,0.6761940052555152,0.05569457064319494,0.7173842317889899
104.75,0.883403546319951,0.7027301600289773,0.11116299444978806,0.883403546319951
104.8,0.8748822956502385,0.7247626382683371,0.14116518131646394,0.8748822956502385
104.85,0.9265544462781151,0.7421572244691914,0.13918221712936782,0.9265544462781151
104.9,0.8909165314312092,0.7548076410489858,0.10605729464879482,0.8909165314312092
104.95,0.8896005062222492,0.7626362291894121,0.04968016791328194,0.8896005062222492
105.0,0.7737777147413576,0.7655944428368097,-0.016965122208868953,0.7737777147413576
105.05,0.6897528796791477,0.763663158558449,-0.07888283637747388,0.6897528796791477
105.1,0.6577539911053404,0.7568528113486002,-0.12250760064403071,0.6577539911053404
105.15,0.5863891955790885,0.7452033705373478,-0.13867772972769332,0.5863891955790885
105.2,0.7161612048446196,0.7287841696042443,-0.12447320837871348,0.7161612048446196
105.25,0.6332215804761321,0.7076935991232569,-0.08357620148020235,0.6332215804761321
105.3,0.6848676993830187,0.6820586648148507,-0.02519274939685141,0.6848676993830187
105.35,0.7988567266174842,0.6520344049791713,0.03810334737515577,0.7988567266174842
105.4,0.7983069181803903,0.6178031554464506,0.09305826816605745,0.7983069181803903
105.45,0.6178316945208311,0.5795736471155204,0.12838456266060186,0.6178316945208311
105.5,0.6374093301498774,0.5375799220602663,0.13689270350867203,0.6374093301498774
105.55,0.6720198750745766,0.49208005877149374,0.1167939010618999,0.6720198750745766
105.6,0.5644712125930956,0.44335470383907327,0.07201450087109784,0.5644712125930956
105.65,0.49859011345787385,0.39170541486536836,0.011486789599607496,0.49859011345787385
105.7,0.31882828056509094,0.3374528272527299,-0.0525000933147699,0.31882828056509094
105.75,0.15575672582953828,0.2809346653711299,-0.10666082581814175,0.15575672582953828
105.8,0.13022717051244262,0.22250362505005342,-0.13939537517215597,0.13022717051244262
105.85,0.01763747938146029,0.16252515734137699,-0.14327298471818858,0.01763747938146029
105.9,0.01336140253562039,0.10137518189631396,-0.11677216869871704,0.01336140253562039
105.95,0.012094424274147055,0.0394377525558073,-0.06483792818975276,0.012094424274147055
106.0,0.014132013984506635,-0.02289731036146674,0.001948619452867431,0.014132013984506635
106.05,0.017777652002138163,-0.08523681484407167,0.06948432597352867,0.017777652002138163
106.1,-0.01028586017036655,-0.14718661913814624,0.12313079956390774,-0.01028586017036655
106.15,-0.04998705720771464,-0.20835408383577209,0.15093593501016353,-0.04998705720771464
106.2,-0.0976324309702831,-0.2683505558806185,0.14636519843680487,-0.0976324309702831
106.25,-0.12933043901026559,-0.3267938812744973,0.10989768775785294,-0.12933043901026559
106.3,-0.31822309119519493,-0.3833109353555298,0.049079207534081966,-0.31822309119519493
106.35,-0.4817900431061294,-0.43754014993804424,-0.02302722435842408,-0.4817900431061294
106.4,-0.5659699891257409,-0.4891340070786103,-0.09067320784711617,-0.5659699891257409
106.45,-0.6929008971923384,-0.537761462028146,-0.1389061134172103,-0.6929008971923384
106.5,-0.6550887011606265,-0.5831102551556505,-0.1569076404030659,-0.6550887011606265
106.55,-0.7587236741820942,-0.6248890750899643,-0.14043301868738073,-0.7587236741820942
106.6,-0.7488280860609631,-0.6628295421571684,-0.09280441693567389,-0.7488280860609631
106.65,-0.713001764319001,-0.6966879906021781,-0.02423696577100318,-0.713001764319001
106.7,-0.7274690388967254,-0.7262470382880043,0.05035970827230828,-0.7274690388967254
106.75,-0.6010491128015207,-0.751316942071676,0.11462966272910498,-0.6010491128015207
106.8,-0.5844227384741306,-0.7717367444574453,0.15435948328932173,-0.5844227384741306
106.85,-0.6412037339311587,-0.7873752210602674,0.16061492678955008,-0.6412037339311587
106.9,-0.6787392061133882,-0.79813163796571,0.1317264601175423,-0.6787392061133882
106.95,-0.7301110762308386,-0.8039363234729756,0.07368173661078457,-0.7301110762308386
107.0,-0.8725742670187605,-0.8047510516072408,-0.0011580146474734858,-0.8725742670187605
107.05,-0.7832090974602597,-0.800569227643757,-0.07672855285620796,-0.7832090974602597
107.1,-0.9703474421963658,-0.791415860915555,-0.13673172978689477,-0.9703474421963658
107.15,-1.0185926185014775,-0.7773473087485777,-0.16814912322784079,-1.0185926185014775
107.2,-0.8839633362581436,-0.7584507780880192,-0.16404323659180145,-0.8839633362581436
107.25,-0.8277039959895116,-0.7348435783608968,-0.12504783871817945,-0.8277039959895116
107.3,-0.8259315578645199,-0.7066721296796936,-0.059235827570236245,-0.8259315578645199
107.35,-0.6746699012479075,-0.6741107426933188,0.019596936391077145,-0.6746699012479075
107.4,-0.5377538143868472,-0.6373601977069425,0.09485892131210644,-0.5377538143868472
107.45,-0.4732207987801531,-0.5966461591682225,0.15067728950276377,-0.4732207987801531
107.5,-0.3370073774009146,-0.5522174659780287,0.1752545709572752,-0.3370073774009146
107.55,-0.32364290570252463,-0.5043443373754384,0.163358393037233,-0.32364290570252463
107.6,-0.4163447172113949,-0.45331652811691864,0.1174231868495476,-0.4163447172113949
107.65,-0.44846419446502656,-0.3994414563884318,0.04704244349680672,-0.44846419446502656
107.7,-0.3410206898446479,-0.34304231581672384,-0.03303118314020663,-0.3410206898446479
107.75,-0.3395188421591934,-0.28445617214826774,-0.10596180429015467,-0.3395188421591934
107.8,-0.3710299896176992,-0.22403203781712802,-0.15636150208242813,-0.3710299896176992
107.85,-0.39125987166252196,-0.16212891417369654,-0.1735646252635291,-0.39125987166252196
107.9,-0.3011318824087111,-0.09911379122353502,-0.15395936680529854,-0.3011318824087111
107.95,-0.21250933252461818,-0.03535959833813257,-0.10184559939746772,-0.21250933252461818
108.0,-0.030635286363840573,0.028756893439405372,-0.028573834711434192,-0.030635286363840573
108.05,0.13465915544678778,0.09285720732488241,0.04990058227348218,0.13465915544678778
108.1,0.2828740837189356,0.1565633153842036,0.11652981877003565,0.2828740837189356
108.15,0.3347322238410264,0.2194997858394393,0.15695747289501905,0.3347322238410264
108.2,0.36098012131501234,0.2812958958433306,0.16269885403741585,0.36098012131501234
108.25,0.4042118732077612,0.3415876865625512,0.13298551407868345,0.4042118732077612
108.3,0.4512728663888334,0.40001994543976666,0.07486364540402461,0.4512728663888334
108.35,0.38587270357130915,0.4562481101560704,0.001544515125365639,0.38587270357130915
108.4,0.41040314065260824,0.509940097977924,-0.0706004281084264,0.41040314065260824
108.45,0.3274386034681408,0.5607780712766254,-0.12571108073606943,0.3274386034681408
108.5,0.4529161803903701,0.6084601537524258,-0.1519492720515067,0.4529161803903701
108.55,0.40882381438801524,0.6527021113069696,-0.14406674850577625,0.40882381438801524
108.6,0.5313456610486443,0.6932390064791961,-0.10446851870188839,0.5313456610486443
108.65,0.6197535736514578,0.729826826895994,-0.04255273058935682,0.6197535736514578
108.7,0.6811029726033604,0.7622440780348113,0.027502320244102138,0.6811029726033604
108.75,0.8123020816547643,0.7902933207146033,0.0899845400805869,0.8123020816547643
108.8,0.9307046628920412,0.8138026259679612,0.1311785081624418,0.9307046628920412
108.85,0.8789455734349405,0.832626915792931,0.14237491968141502,0.8789455734349405
108.9,0.8889632075190027,0.8466491586342489,0.12168822330667614,0.8889632075190027
108.95,0.8842854689857973,0.8557813932162625,0.07430488035699996,0.8842854689857973
109.0,0.7719318504965499,0.8599655622184399,0.011160023424719145,0.7719318504965499
109.05,0.7053587704905798,0.8591741461322016,-0.05360127155551595,0.7053587704905798
109.1,0.6788756377822412,0.8534105953808265,-0.10576864757234333,0.6788756377822412
109.15,0.604961138536532,0.8427095637886686,-0.13411246308757513,0.604961138536532
109.2,0.6896360881898704,0.8271369477933319,-0.1326963682487402,0.6896360881898704
109.25,0.6589398130436479,0.8067897334971755,-0.10201951985035705,0.6589398130436479
109.3,0.616464896073518,0.7817956489621708,-0.048813310491407136,0.616464896073518
109.35,0.6992251989945266,0.7523126138216643,0.015420217470563515,0.6992251989945266
109.4,0.6860095760695236,0.7185279738303959,0.07681972530048155,0.6860095760695236
109.45,0.7383227232107933,0.6806575054016687,0.1220550515977443,0.7383227232107933
109.5,0.7360087803868345,0.6389441753236363,0.14113514007161404,0.7360087803868345
109.55,0.6341092593759826,0.593656644536055,0.12956911913632735,0.6341092593759826
109.6,0.5604969949016843,0.5450875124200438,0.08941802947359337,0.5604969949016843
109.65,0.41906540339705156,0.49355130876470427,0.028978570211133824,0.41906540339705156
109.7,0.35255509277716746,0.43938225258817143,-0.038884915744225625,0.35255509277716746
109.75,0.21673776173265194,0.38293180802842547,-0.09945279774883932,0.21673776173265194
109.8,0.09540416304514225,0.3245660757297064,-0.13935458631994374,0.09540416304514225
109.85,-0.0053060288779486695,0.2646630624992142,-0.1495716285854801,-0.0053060288779486695
109.9,0.061249058980315775,0.20360987210935233,-0.1275483226843978,0.061249058980315775
109.95,0.004901688875857893,0.14179985618637464,-0.0778881057193005,0.004901688875857893
110.0,-0.10701080919666425,0.07962975730686861,-0.01141521628204846,-0.10701080919666425
110.05,-0.06944833369268463,0.017496868669253544,0.05723712463045524,-0.06944833369268463
110.1,0.014905559889206589,-0.04420377224749696,0.1129836814211419,0.014905559889206589
110.15,-0.053759404624019146,-0.10508214382496721,0.14379530575141228,-0.053759404624019146
110.2,-0.03702152728272379,-0.16475594462926468,0.14348311806594596,-0.03702152728272379
110.25,-0.1700255049623311,-0.22285323120305886,0.11303925604943217,-0.1700255049623311
110.3,-0.40612203395921914,-0.27901497347220255,0.06019122632815439,-0.40612203395921914
110.35,-0.39815307558288143,-0.33289750410575686,-0.0026779423233285046,-0.39815307558288143
110.4,-0.5966595963516783,-0.3841748304722068,-0.061638861284022135,-0.5966595963516783
110.45,-0.6493774094236591,-0.43254077311621425,-0.10449240092519024,-0.6493774094236591
110.5,-0.7219845406036037,-0.4777108946066064,-0.12336911651963287,-0.7219845406036037
110.55,-0.7098947471820949,-0.5194241873621062,-0.11607335176241472,-0.7098947471820949
110.6,-0.7090546134630297,-0.5574444978453349,-0.08600024230027488,-0.7090546134630297
110.65,-0.6820948785570214,-0.5915616758603913,-0.04085305636343236,-0.6820948785570214
110.7,-0.7109866484750597,-0.6215924496310871,0.009348377524564648,-0.7109866484750597
110.75,-0.6202712993624425,-0.6473810379474345,0.05441281860358454,-0.6202712993624425
110.8,-0.7379157638861283,-0.6687995186377091,0.0858328056281286,-0.7379157638861283
110.85,-0.7431241199920716,-0.6857479774344032,0.09810690062509372,-0.7431241199920716
110.9,-0.6800034209448014,-0.6981544631724169,0.08946930982865045,-0.6800034209448014
110.95,-0.6702832751941028,-0.7059747749528295,0.062060618065925915,-0.6702832751941028
111.0,-0.7229822519252614,-0.7091921051411014,0.02157236665344263,-0.7229822519252614
111.05,-0.7837765141621869,-0.7078165589981916,-0.023636366164405148,-0.7837765141621869
111.1,-0.8196906705107961,-0.7018845674613433,-0.0639406270848763,-0.8196906705107961
111.15,-0.844766729038262,-0.6914582050156937,-0.09026189699132633,-0.844766729038262
111.2,-0.7584580041618098,-0.6766244212620546,-0.09602443778793426,-0.7584580041618098
111.25,-0.8203153652275383,-0.6574941937140432,-0.0788407988986627,-0.8203153652275383
111.3,-0.7993825006069704,-0.6342016104323266,-0.04145508955369313,-0.7993825006069704
111.35,-0.5917668137402887,-0.6069028935027703,0.008435550924129133,-0.5917668137402887
111.4,-0.586418112789439,-0.5757753772123899,0.059612824475085015,-0.586418112789439
111.45,-0.44827042030356284,-0.5410164570559203,0.09980568443042247,-0.44827042030356284
111.5,-0.3969484566878117,-0.5028425259770293,0.11864127096583633,-0.3969484566878117
111.55,-0.3769362949671067,-0.46148791122523725,0.1103232254856039,-0.3769362949671067
111.6,-0.33893177323852297,-0.4172038186520376,0.07530048382040881,-0.33893177323852297
111.65,-0.4481827319178465,-0.37025728212446063,0.020434127730661444,-0.4481827319178465
111.7,-0.3427069403589827,-0.3209301057486964,-0.042430977516534046,-0.3427069403589827
111.75,-0.4839002083480558,-0.269517777900526,-0.09915283322419385,-0.4839002083480558
111.8,-0.3885359255479313,-0.2163283306341787,-0.13656995149893872,-0.3885359255479313
111.85,-0.2953367419675899,-0.16168111717143585,-0.1455647376195352,-0.2953367419675899
111.9,-0.24810505991020426,-0.1059054841227056,-0.1231879993228148,-0.24810505991020426
111.95,-0.1783068103276263,-0.049339322981329696,-0.07337688336322959,-0.1783068103276263
112.0,0.058190937494893576,0.007672504499898981,-0.006144366731987118,0.058190937494893576
112.05,0.07172213609189662,0.06477986214637019,0.0645415747886003,0.07172213609189662
112.1,0.18804000298068682,0.12162914268041852,0.12370946149737276,0.18804000298068682
112.15,0.3066891832013928,0.1778651587684846,0.15854320108126313,0.3066891832013928
112.2,0.4309742853044885,0.23313309954822037,0.1611071773069394,0.4309742853044885
112.25,0.41690938067549316,0.28708053139244155,0.13009105388187367,0.41690938067549316
112.3,0.41268545413956603,0.33935942579564343,0.07121552642536759,0.41268545413956603
112.35,0.41072278704163456,0.38962820377021273,-0.003803987847160802,0.41072278704163456
112.4,0.3316472167272468,0.4375537933875191,-0.07955507461607045,0.3316472167272468
112.45,0.31807284703225125,0.4828137027512885,-0.1400505354859668,0.31807284703225125
112.5,0.45381505481372986,0.5250981126096367,-0.17206383121020172,0.45381505481372986
112.55,0.4440652683525186,0.5641119899025218,-0.16800968895185478,0.4440652683525186
112.6,0.5334933642847196,0.599577216196921,-0.12776969912370792,0.5334933642847196
112.65,0.6018294508933,0.6312347149046843,-0.05903884383361618,0.6018294508933
112.7,0.717098827216626,0.6588465505400659,0.0239719015646201,0.717098827216626
112.75,0.8795961530748859,0.6821979638123966,0.10332654506429735,0.8795961530748859
112.8,0.9080988541383594,0.7010992995617784,0.16116747219445499,0.9080988541383594
112.85,0.8962140748266983,0.7153877819316515,0.1837689622463223,0.8962140748266983
112.9,0.9975016532025107,0.724929093721906,0.16492724917036125,0.9975016532025107
112.95,0.9783800015223004,0.7296187243214473,0.10781959635666492,0.9783800015223004
113.0,0.8320372170090219,0.7293830616253236,0.024737384241870084,0.8320372170090219
113.05,0.7737413187091322,0.7241802162005428,-0.06542923316069067,0.7737413187091322
113.1,0.6917637514380593,0.7140005787598773,-0.14149928454444327,0.6917637514380593
113.15,0.5731849203030815,0.6988671223786421,-0.1851170136554621,0.5731849203030815
113.2,0.5216877386941503,0.6788354666445584,-0.18538481068010282,0.5216877386941503
113.25,0.6716299921353313,0.6539937209760028,-0.14176190113435347,0.6716299921353313
113.3,0.6134234433733922,0.6244621190730689,-0.06438756656492874,0.6134234433733922
113.35,0.6954469761116115,0.5903924477503625,0.02833130129355164,0.6954469761116115
113.4,0.8284675809171818,0.5519672641877771,0.11427308628254879,0.8284675809171818
113.45,0.8971426282541456,0.5093988889252368,0.17309917002019,0.8971426282541456
113.5,0.7561889556193687,0.46292816000075315,0.191240991812829,0.7561889556193687
113.55,0.6341649142282709,0.41282293781290325,0.16508279715540233,0.6341649142282709
113.6,0.5647158548625809,0.359376360266794,0.1015749073583227,0.5647158548625809
113.65,0.4374519501194128,0.3029048610205833,0.01623023205019375,0.4374519501194128
113.7,0.3261630045188514,0.24374597659488034,-0.07086363645196518,0.3261630045188514
113.75,0.17433587918613053,0.1822559780224251,-0.13992972153907726,0.17433587918613053
113.8,0.10736653321354567,0.11880736835627094,-0.17605927572708352,0.10736653321354567
113.85,0.018163766029382977,0.053786288278623716,-0.17238996826635195,0.018163766029382977
113.9,-0.009885636580762575,-0.01241013174748304,-0.13125983669720778,-0.009885636580762575
113.95,0.05164841198796787,-0.07937644216276489,-0.06321225563241957,0.05164841198796787
114.0,0.014845289594979274,-0.1467015474458315,0.01577182710193396,0.014845289594979274
114.05,0.05205471119453493,-0.2139713716616577,0.08807024468722276,0.05205471119453493
114.1,0.016271018662210087,-0.28077151445580356,0.13833673005368782,0.016271018662210087
114.15,-0.036203029978808365,-0.3466898995617297,0.15668546310954462,-0.036203029978808365
114.2,-0.0674443233390313,-0.41131941729136956,0.14052214338302527,-0.0674443233390313
114.25,-0.2441293935995938,-0.4742605577346194,0.09473650673796423,-0.2441293935995938
114.3,-0.33557289886963615,-0.5351240237758669,0.030327236790538753,-0.33557289886963615
114.35,-0.3682128356371928,-0.5935333043609906,-0.03816531139510634,-0.3682128356371928
114.4,-0.6040921925018683,-0.649127180712766,-0.09583896446659178,-0.6040921925018683
114.45,-0.606461674655599,-0.7015621330053406,-0.1305601562638416,-0.606461674655599
114.5,-0.7060613842495969,-0.7505146132923107,-0.1354218294986144,-0.7060613842495969
114.55,-0.7732422705222753,-0.7956831526193999,-0.11005337386582092,-0.7732422705222753
114.6,-0.7250309382010933,-0.8367902761019365,-0.060541796492139796,-0.7250309382010933
114.65,-0.6658431216084145,-0.8735842084434745,0.0019915597641925803,-0.6658431216084145
114.7,-0.5907849048270737,-0.9058403622949451,0.06383324996486281,-0.5907849048270737
114.75,-0.6677435236437332,-0.9333626108061918,0.1116015472112882,-0.6677435236437332
114.8,-0.641543684640963,-0.9559843515023717,0.13502782133246477,-0.641543684640963
114.85,-0.6435228994802347,-0.9735693700833192,0.1290296067038921,-0.6435228994802347
114.9,-0.7565411348699879,-0.9860125103671135,0.09468552076698931,-0.7565411348699879
114.95,-0.7475629289309257,-0.9932401518484042,0.03896036598115813,-0.7475629289309257
115.0,-0.8224121203869005,-0.9952104908257279,-0.02672791663304607,-0.8224121203869005
115.05,-0.9096280217067332,-0.9919136162572093,-0.08880166843174772,-0.9096280217067332
115.1,-0.9611164353737753,-0.983371368760271,-0.1342361274232553,-0.9611164353737753
115.15,-0.9214571780948316,-0.9696369715444911,-0.15318261886426904,-0.9214571780948316
115.2,-0.8501702394198049,-0.9507944262020449,-0.14100845523890662,-0.8501702394198049
115.25,-0.857228404564261,-0.9269576739785295,-0.099354791958118,-0.857228404564261
115.3,-0.8434081231026388,-0.898269533081364,-0.03597658515032344,-0.8434081231026388
115.35,-0.5967876369218738,-0.8649004329061425,0.03665950301351935,-0.5967876369218738
115.4,-0.5716878915112861,-0.8270469752671361,0.103805158606293,-0.5716878915112861
115.45,-0.4466393127256838,-0.7849303595349604,0.1514446431081935,-0.4466393127256838
115.5,-0.3832191935701158,-0.7387947115233852,0.16928339834131084,-0.3832191935701158
115.55,-0.33172832045497136,-0.6889053538568223,0.15305723700770876,-0.33172832045497136
115.6,-0.401649940437609,-0.6355470484471972,0.10561778451836511,-0.401649940437609
115.65,-0.373975314630413,-0.5790222309720192,0.03649986122168174,-0.373975314630413
115.7,-0.4516076853256238,-0.5196492450745313,-0.03998849806490314,-0.4516076853256238
115.75,-0.36948163158638675,-0.45776057296468836,-0.10777495146429197,-0.36948163158638675
115.8,-0.4249085111928576,-0.3937010514120204,-0.15249445285897437,-0.4249085111928576
115.85,-0.2865556007555639,-0.32782605897782113,-0.16466776617689058,-0.2865556007555639
115.9,-0.2314029663480546,-0.26049966172434275,-0.14187313027762044,-0.2314029663480546
115.95,-0.1855875368609719,-0.1920927096341016,-0.08939218890499352,-0.1855875368609719
116.0,-0.05470525299803553,-0.12298088313061345,-0.019125676030496107,-0.05470525299803553
116.05,0.020564821202131392,-0.05354269693796776,0.05304405527068633,0.020564821202131392
116.1,0.28803148157378,0.015842524140534893,0.1108880360348898,0.28803148157378
116.15,0.3748622153290867,0.08479667724567488,0.14162133246768654,0.3748622153290867
116.2,0.4667297305796978,0.15294489845227882,0.13890985801096184,0.4667297305796978
116.25,0.40734995397434987,0.21991754397924645,0.10431133899890764,0.40734995397434987
116.3,0.3166419241041697,0.2853521218831832,0.04676876084753767,0.3166419241041697
116.35,0.343301934784068,0.348895170532388,-0.01969421487110533,0.343301934784068
116.4,0.45146939077417125,0.41020408969852756,-0.07944010600489351,0.45146939077417125
116.45,0.43401905397649543,0.46894893598151,-0.11892896191149918,0.43401905397649543
116.5,0.368264502874107,0.5248141954146673,-0.12975025140452737,0.368264502874107
116.55,0.45246422884049897,0.5775005432816309,-0.1102904306601569,0.45246422884049897
116.6,0.6088965892817684,0.626726595421625,-0.06574160324140377,0.6088965892817684
116.65,0.7548490881409101,0.6722306471594683,-0.0065837171120144145,0.7548490881409101
116.7,0.756583346310209,0.7137723866816407,0.05397628735920078,0.756583346310209
116.75,0.7854060271130812,0.7511345616184827,0.10293941199116963,0.7854060271130812
116.8,0.8666787492768177,0.7841245729765157,0.1301655624258013,0.8666787492768177
116.85,0.8938410955896886,0.8125759698108281,0.13024684811865345,0.8938410955896886
116.9,0.9193686789160784,0.8363498201980321,0.10334131872541867,0.9193686789160784
116.95,0.7860573313830781,0.8553359382512092,0.05492798831416457,0.7860573313830781
117.0,0.8814435286115772,0.8694539525105782,-0.00538095740933903,0.8814435286115772
117.05,0.7524437696920306,0.8786542071135243,-0.0657144237265911,0.7524437696920306
117.1,0.5725359777835916,0.882918492325645,-0.11417305828854761,0.5725359777835916
117.15,0.6341916528539628,0.8822606039787703,-0.14105048144718857,0.6341916528539628
117.2,0.6688890217648131,0.8767267310087166,-0.14068201559890733,0.6688890217648131
117.25,0.6467045624464856,0.8663956660394515,-0.1126062432788607,0.6467045624464856
117.3,0.6895715774729904,0.8513788266636252,-0.06181797285581074,0.6895715774729904
117.35,0.667944809470609,0.831820067012823,0.00198329185627582,0.667944809470609
117.4,0.6421638490079594,0.8078952527083954,0.06609717284704271,0.6421638490079594
117.45,0.7387682713995888,0.7798115685632708,0.11725665985818633,0.7387682713995888
117.5,0.6911370356901816,0.7478065278656301,0.14438991976164892,0.6911370356901816
117.55,0.7210734709550218,0.7121466550188996,0.14115483481852695,0.7210734709550218
117.6,0.5769472990521577,0.6731258201631687,0.10763596766589516,0.5769472990521577
117.65,0.48688073021982486,0.6310632152036114,0.050696678208027354,0.48688073021982486
117.7,0.35826041104448153,0.5863009744028355,-0.017245519743463014,0.35826041104448153
117.75,0.17192746288513677,0.539201457239922,-0.08086042965594936,0.17192746288513677
117.8,0.15330313926093436,0.49014422410781205,-0.12540655019434394,0.15330313926093436
117.85,0.019257587841480784,0.43952274462288354,-0.14025959653945258,0.019257587841480784
117.9,0.00047284689654866416,0.3877408829485403,-0.12157538092238569,0.00047284689654866416
117.95,-0.06323254238160762,0.3352092049135323,-0.07337962278498837,-0.06323254238160762
118.0,-0.003943448865206484,0.28234114906500424,-0.006763735176717204,-0.003943448865206484
118.05,0.007315783754551147,0.22954909977521734,0.06265014195028533,0.007315783754551147
118.1,0.06346388174790252,0.1772403969717729,0.11836361421109949,0.06346388174790252
118.15,-0.030681042456874176,0.12581331595704062,0.1468806182787797,-0.030681042456874176
118.2,-0.19947678217897075,0.07565305365520644,0.1408740701477741,-0.19947678217897075
118.25,-0.23342656545593146,0.02712776460287759,0.10090789123485812,-0.23342656545593146
118.3,-0.3871560743618078,-0.0194153006610709,0.03535136839850067,-0.3871560743618078
118.35,-0.38128110152810546,-0.06365349323791773,-0.041457470071269584,-0.38128110152810546
118.4,-0.6048917916821569,-0.10529223176360923,-0.11237383323061347,-0.6048917916821569
118.45,-0.6138586451735889,-0.14406816627923674,-0.16124738663519647,-0.6138586451735889
118.5,-0.7678063859576045,-0.17975197132903575,-0.17654943531225106,-0.7678063859576045
118.55,-0.7761709426219761,-0.2121507053829304,-0.15403337007099055,-0.7761709426219761
118.6,-0.7555653253703364,-0.24110968401118832,-0.09781302984541021,-0.7555653253703364
118.65,-0.7124735739354529,-0.26651382851643807,-0.019566356832138893,-0.7124735739354529
118.7,-0.6446442568233328,-0.2882884683834215,0.06401004062166842,-0.6446442568233328
118.75,-0.6237811194175505,-0.30639959256276855,0.13494701466814435,-0.6237811194175505
118.8,-0.4810989860709235,-0.3208535587841337,0.1780856444355533,-0.4810989860709235
118.85,-0.6314231325844655,-0.33169627997326256,0.18452084030198507,-0.6314231325844655
118.9,-0.604744543306213,-0.3390119116688253,0.15356887388588789,-0.604744543306213
118.95,-0.6715198853373381,-0.34292106461135063,0.09278606331444474,-0.6715198853373381
119.0,-0.8132737253524596,-0.3435785642012079,0.01605868534527449,-0.8132737253524596
119.05,-0.8472663471458974,-0.34117077580144767,-0.05973235400723625,-0.8472663471458974
119.1,-0.9109590033324365,-0.33591251427368596,-0.11862802034608308,-0.9109590033324365
119.15,-0.9176111720279276,-0.32804355943139013,-0.14913509509817421,-0.9176111720279276
119.2,-0.8818185712858928,-0.31782480707410266,-0.14658304412978101,-0.8818185712858928
119.25,-0.8211280106238579,-0.30553409750366817,-0.11381308978517474,-0.8211280106238579
119.3,-0.7356706049182481,-0.29146177839340776,-0.06014293367056322,-0.7356706049182481
119.35,-0.6511074914679963,-0.2759060744281959,0.0010515042703834797,-0.6511074914679963
119.4,-0.5303418925163309,-0.25916834997060567,0.05551727971774343,-0.5303418925163309
119.45,-0.572034342477318,-0.24154836115911002,0.09133608751274958,-0.572034342477318
119.5,-0.47486648401404097,-0.2233395990474647,0.10148500213588932,-0.47486648401404097
119.55,-0.45638428609146064,-0.20482482541369604,0.08523956398664943,-0.45638428609146064
119.6,-0.4165438995109626,-0.1862718984262021,0.04815734286701402,-0.4165438995109626
119.65,-0.3277061143684372,-0.1679299775255983,0.0006519617436271363,-0.3277061143684372
119.7,-0.34167210878885834,-0.15002618644520013,-0.04455904054424446,-0.34167210878885834
119.75,-0.3465616264371907,-0.13276280067987692,-0.07559705366716377,-0.3465616264371907
119.8,-0.4098023673944759,-0.11631501143073687,-0.08443324664862926,-0.4098023673944759
119.85,-0.3164655828599634,-0.10082930313413183,-0.06899254032057217,-0.3164655828599634
119.9,-0.2870294181809919,-0.08642246760412427,-0.033728201219388625,-0.2870294181809919
119.95,-0.10760765968125624,-0.0731812656582672,0.011582340879604455,-0.10760765968125624
